0.1369576866889831
0.1019506630725324
-0.1206764669790552
-0.08970631450700763
-0.08098956848033126
0.05699738471510316
0.04830105051540094
0.04412633304090977
-0.2007923985350483
-0.1297233756903788
0.09773353869995996
-0.07363521636346113
0.06495855319146737
-0.1276311813204545
-0.1099108092685919
0.04832205371551978
0.06064563195305787
0.05433173729274821
0.04073478788914524
0.006414460968721968
0.2058809164473804
0.04772570409508685
0.1387614035142086
-0.00195414058652989
0.146716510711727
0.0270451181964526
0.07584771595992751
0.03302415622024509
0.0727805711475101
-0.1864375887240984
0.04633789313558508
0.0971079259286243
0.001843822011734932
-0.08070060239453128
-0.1207353487728385
0.08580755050017368
0.08394203358385173
0.01679689675617147
0.1959059268103007
-0.09604759913157068
0.06833516236434584
0.1715182380155587
0.2204011449694015
0.1815622048892169
-0.01481749663440771
-0.03538881386187294
0.01087684133913279
0.1318067771553138
0.06564690418761537
0.07978186325535407
-0.06691759757607744
0.08497705646127864
-0.09093664254770711
-0.0157420327141815
-0.004972406685857801
0.05559058409222816
-0.1131011677792096
0.08865336650451565
0.1010756252255239
0.001572217411479919
-0.01578724384894408
-0.01771821213102629
-0.01950930798925635
0.02409249427448441
0.1050403869142288
-0.04483127793673874
-0.06597026487269857
-0.1427336491495667
-0.06192638651539696
-0.04319541495108012
0.03021312526869108
-0.05938817883860958
-0.05138972612625776
-0.03342373144383473
-0.05286300938795128
0.07839924771566847
0.006059215306781522
0.003946846064549276
0.1411054767161454
-0.03147759766931221
0.03413092882273883
0.1401151753845467
0.03146745330601942
0.143594067196833
0.1528692516399688
-0.07264177716952981
0.2075608470801782
0.1680818643794729
0.1690162841574352
-0.004565766046919643
-0.000838627389874713
0.08195648297697906
0.137315446399793
-0.06876043231014335
-0.0369421501510037
-0.06435335486817688
-0.02695043384800239
-0.0205681368139361
-0.0004747383581274924
-0.03981400462898623
0.09751120844149241
-0.08824062059645145
0.05518929374849684
0.006814858410602245
0.05480512057694049
0.04434319862984017
-0.1306212317715212
-0.1111009907379274
0.03613315880131059
-0.07289235472865058
0.03777329425980314
-0.03162170980376749
-0.007396548297454481
0.0004294216019122275
-0.06353689692340027
0.01246683028769073
-0.00880235371126494
-0.1141367883253478
-0.00637109515039819
0.05827587577887568
-0.01946121340348564
-0.1134928732022173
0.02125919744232715
0.0008380280032327718
0.006918902928964704
-0.007459912314107696
0.03840585197396566
-0.02094243326355549
0.01734573956940452
-0.1675985411700073
-0.06848387031932653
-0.1218292489539711
0.09545311598842426
-0.1221832498165919
0.008086050681587048
0.002781539968762589
-0.01737151226339534
0.1574441825612544
0.03204934748135067
0.008681873088624862
0.01825680560807072
0.1403473067425228
0.182856915730318
0.220206933301191
0.1649878232125333
-0.02945550359488381
0.05698333228698179
0.1747257101330105
0.1321866273682442
-0.04248977636834977
0.0760794626142149
0.02020073309104517
0.03767972337313064
-0.04367027994575323
0.06705678899942663
0.06734357233122254
-0.0474126624977269
-0.0581508398076845
0.08332346902026315
0.05167178095196731
0.07706267007235097
0.0708328289820916
0.02253377002320792
0.1348870665288554
-0.007440944064389208
0.134615525645105
0.1136195931615159
-0.06249913408136146
-0.04553033459258544
-0.05353850352075808
0.02387498084029234
0.02527335936051531
0.07296537305637946
0.01188216425351893
0.03795603721923371
-0.05300191550951793
0.10819545340346
-0.05872239078429015
-0.07385817915111681
-0.1547907230359051
0.1438351939930302
0.1348688108709858
0.08458863635969831
-0.08997625610079284
-0.02424854527212058
0.07425607644229394
0.01975965243352617
0.03666337992158116
-0.1182280286520457
-0.1595330437579573
0.04425465218894162
0.1070569075738121
-0.07530428800210279
-0.1041673269752985
-0.09613154578025447
0.02243171829588832
-0.01902194302999823
-0.0471195750952793
-0.06118436942859551
-0.03825094719173494
-0.001447954909729955
0.0695078751430652
0.1477507281898077
-0.009394191095724437
0.09796561980707572
0.1354340198918189
0.1995540748278396
0.2345361443817467
0.2566420201640353
0.1797579219660736
0.1344134782510346
0.1871410908324899
0.1668790914733061
0.0008557612149525892
0.07424643960671315
-0.01665037273073896
0.07512121873201762
-0.02844759994209922
0.02819280301805479
0.007713913100857985
0.01832982964972656
-0.06764071248664635
-0.0001295205544168796
-0.2202477525291587
-0.03709514725881547
-0.0580193272793234
-0.1119658785840727
0.04454302893001632
0.04790352777157224
-0.1051465786624464
-0.1094803589320763
-0.09142516830565692
0.06050009600337836
-0.08963965897398328
0.08354563039555943
-0.003174545503809667
0.1104644310951317
0.0504060319752369
-0.03055832560290491
0.03109895579652516
-0.009562330711226669
-0.06026648827965212
-0.04005701076326165
-0.02190790470021547
0.02092357850810747
0.04497251998883113
-0.1161740098831053
0.0925579268609143
-0.07127518846468928
0.01062864127810284
0.1215728729594925
0.08004104049260757
0.03359296627348528
-0.1009790957330974
-0.03567943193094784
0.1623351662017374
0.0318918256519557
-0.02993930008819952
-0.0613868830974904
-0.08789171951918386
0.07686477514219027
0.1018034883211203
-0.07965354484378549
-0.03712550249295199
-0.03633149229836229
0.1363165255090707
0.05614286029424387
-0.04948187039092068
-0.1271203147649825
-0.08192264095473104
0.1474239086171056
0.006186665899597124
0.02366885097453172
-0.09455814454459842
-0.1327649395587783
-0.07923458043732677
0.1124661414641587
0.03557414238055059
0.1347952956882477
0.02713141938111984
-0.08801261873316506
-0.03628915603691089
-0.07506576844489825
0.06437325513570415
-0.06119399805081304
0.08490335754872785
0.08661833930553706
-0.01694685420419315
0.02412382565517819
0.02931166283163512
-0.168236885324539
-0.09199702643667382
0.03845649565957982
0.03154875654229638
0.1223619436283523
-0.05536779893155244
-0.104824708204459
-0.0878201351697499
0.01755398061690886
0.02031989718022459
0.1140433256681927
-0.1071554997936441
-0.06220588846529437
-0.09307481272400935
0.0102178511256854
0.00291444335085285
0.1184987498753834
-0.1095413570992109
-0.004440718093572059
0.03230818988426953
-0.0647026746416904
0.06531565741503857
0.04374652405175412
0.1125118214721383
0.1138036744221614
0.007732543004148149
0.08195803580991221
-0.01624593124652872
-0.06851681981966813
-0.04107141554049756
-0.03037401617437736
-0.004555593745233556
-0.1075471367577739
-0.1083779948823683
-0.01816764467162202
-0.02709928100853864
0.1003647188047562
-0.02999028930359466
0.0984626923435438
0.03815626522663829
-0.06959202751360467
0.1359772784755238
0.1408335065590857
-0.02379307936026563
-0.02855348947321918
-0.04201332786671523
-0.04629760046696543
-0.00325574627568453
0.1200858825688932
0.05882474612156521
0.02652245850309828
0.04115985342752362
-0.008695817511868932
0.02482761910928739
-0.01969499665896219
0.1164295758134703
-0.01374843856669761
0.1301547677857157
-0.06088391438106395
0.02634725694406385
0.02595648612587622
0.06661182387898069
-0.04505834657752882
-0.118379603348565
-0.0509123585065712
0.02588253029844846
0.0629286743831798
-0.008828195595059214
-0.03459612927715391
-0.01255315614952026
0.05266865179006541
-0.05873385780393994
-0.05795209342792678
0.094023729368268
0.04375989556543367
0.07549913379061751
-0.1225847611830777
0.09876843853578629
-0.0009681792502458513
0.09011880206013503
0.04615629449209974
-0.1229076654758117
-0.1074523790173961
-0.1111928293736471
0.00875438896463602
-0.07140296959684292
-0.04239810197933484
-0.06445555722623886
0.1337068696010007
0.008568599573269551
0.01447257495010469
0.09983023728425618
0.157447172125425
0.1214569808025653
0.1762841277464614
-0.04888929108214296
0.04394807403123746
0.06941302779053027
0.1223621296474812
0.1294309499985652
-0.1274829701168746
0.1486070881004468
-0.06263330129791546
0.131765616017276
0.0171262555578653
0.06820945256767459
0.1227672142277319
0.02368471984090297
-0.01530151287411096
0.03210807531187233
-0.02787766646271182
0.08442564263405039
-0.07155992044044004
0.1105246402759004
0.1416433669394022
-0.01286562482273922
-0.1300422757584934
-0.135280180050625
0.0234869287411185
0.07264319518601875
0.004365810253616645
-0.1144309024612774
-0.05050193188998866
0.006080334532651651
-0.03664717517890074
0.03730932341181038
0.03492966162227659
-0.004647726768551223
0.009546705965423121
0.05779312335085457
0.009045868593399859
-0.03211080698446402
0.07894281388995295
0.05005503466294183
0.1744465966724857
0.0337484202559195
0.03748398725726927
0.08852930832752792
-0.04103915948302495
0.1153078385045208
-0.06437734163243498
-0.1375994941646953
0.04596559878192972
-0.08457749772027369
0.1407282436071252
-0.04031241995249808
-0.1192813469064441
0.07589446132834624
-0.1148561641889457
0.07899178885876867
0.01407929070926001
-0.1001093652223741
-0.06630719019909875
-0.08872693847638477
-0.01510263050659441
-0.09734252002214064
0.1427057698078925
0.1745357040671293
0.04880042026424292
0.04667492565281176
0.07265425358883364
-0.03407556604170518
-0.04850785734721411
0.1557559946191994
0.1147769182407195
-0.01554218256070282
0.0113601508720675
0.07112997766809916
0.09041016686585884
-0.07982541325946048
0.09342304785230937
0.0930913279200276
0.119518452815163
0.08789324365624009
0.02114822710648255
-0.002738873099048026
-0.05775491766154864
0.0603563320490197
-0.06532328693210528
-0.1682583901239879
-0.02479042039160606
0.05979207837207741
-0.04626448371776311
-0.05532642675635708
-0.1514694936289405
-0.01481028920258983
-0.009997662203540208
0.1831017993322895
0.2189792319913383
0.1931050035294966
0.103830756402505
-0.02612292463198664
0.1795925938650709
0.1736794091616188
0.1988116873245332
-0.04430037940303299
-0.06199377369840777
0.045689033838914
-0.0492496836034786
-0.0290084474314538
-0.07168357640202337
0.04562995102509329
-0.09454731118156026
-0.04419496442459081
0.01060150192123673
-0.0209147365912158
-0.04842821196268601
-0.07305207191694391
-0.1275158281834544
0.01298635006088232
0.05254828310197823
-0.1226353122912753
-0.04301490005423272
-0.09027509383756335
0.01435158730827346
0.01544678918659351
-0.06169870665230181
0.0007364961282980587
0.05543307191967026
-0.112311100242835
-0.04608523563769712
-0.1384378158845254
-0.1226097151834084
-0.08775240212738528
0.04635789704116299
-0.05690062305540564
-0.04203698914938726
-0.03486215948981236
-0.03107295917372485
-0.01516279772379871
0.05383826504558217
-0.04703208327431373
0.0696185748867881
-0.1112381664660066
-0.1336261948089232
-0.02808754660719717
-0.0850487497030918
0.02436434956633084
-0.001631156577321069
-0.03087188079685942
-0.0122321482621425
0.01860680255180961
0.04944402645746049
0.09028910200762662
-0.03789977787593121
-0.0381571005095754
-0.04465397957995527
0.1317637490905682
0.004011176754671669
0.04731011360299345
-0.07150304495914818
0.005574169116770385
0.07622759999407502
0.0753185591796055
-0.01121962136257172
0.1027883528592272
-0.07008174464283064
0.1235806767299695
0.01487760727299757
0.02936403342482114
0.0547305023372545
-0.002336372872529871
0.07400405847623917
0.1091332451355693
-0.1167564688193094
0.0396337011782558
0.009641073041754867
0.1345822144832203
0.1777527631803071
0.02997848371038906
-0.01607599841580488
0.0434104217261287
-0.01163543758020573
0.02557433579874337
0.133034925131358
0.04010606632085168
0.006445421063967407
0.07026563343029305
0.009625555821950516
0.2408767149713601
-0.1765106130684308
-0.07498633328332727
-0.02708793122765064
0.09793220016963676
0.1873527312608038
0.02351628094903105
-0.003676706914882224
-0.1407664283334747
-0.04465141723991105
-0.1098804524690774
0.1027570446940676
0.1036557731470874
-0.1099106182981934
0.06602727838225382
0.1042000882597979
0.01818809025313701
0.1241890079081265
0.1045472814395335
0.05747822719088366
0.00703318282600548
-0.1260357664741858
-0.1165318815587415
0.1056652613083246
0.01000978440493491
0.06492595248521353
-0.06305540072738251
0.02531281318481256
-0.005027104427919717
0.03923116749152767
0.05106501677618011
-0.074939362242453
-0.0445120554314984
-0.06294152447814229
-0.09739960942216851
0.1028179034071217
-0.1170493163769519
0.08347157628273728
0.09972587571412282
-0.009667394137011164
-0.07587016719173535
0.06309073663779204
-0.01998373021294763
-0.07825031359006569
-0.01409724326677753
-0.01900600878870175
0.05039415522699735
-0.02754490543133229
-0.08444170203271481
-0.08215276902676009
0.09214394711986913
-0.07033284403570238
-0.08508402297428704
0.0295494753208304
0.004485733763832488
-0.1343917835453291
-0.03789244249797415
-0.01585525089803001
0.03992873546763301
-0.0926155876267354
-0.08884983293665538
-0.1315759462466451
-0.04359342138566798
-0.06194410594163744
-0.1013927474868225
-0.03082845077748353
-0.02165702510637506
0.08910946189034741
-0.07377484484023553
0.1095213715847408
-0.07100302592312344
-0.09323560382275191
-0.04282075195703709
-0.03075300116657634
0.0444372990609589
0.08757356862694995
-0.06364618760297112
0.1527292553836418
0.1526323389337073
-0.02428920399012021
0.109961381158105
-0.02061234936257658
-0.005719298018407175
0.04965693613558679
-0.009336381598220086
0.02816932701519188
-0.1072738964090708
-0.1313696883915818
-0.02683852149969955
-0.0721323470497688
-0.09717692030612839
-0.008146306729495931
0.06436404646950476
0.01304244002220675
0.01006953754540494
-0.1034421786707414
0.139042336588906
0.03006661154671793
-0.009214651939658454
0.1015973528585231
0.04222196538613826
-0.005353965290721545
-0.05961022101141086
-0.1096567276066995
0.1268335976135275
-0.1117652699599332
0.1243234616337687
0.1295337735160312
-0.1076324441986409
-0.03308097786393345
-0.1680812886865022
0.06118937946365383
-0.06274228456691749
0.005565810340988634
-0.1954027906474446
-0.02821009509069437
0.0972743988115936
-0.05655513412028097
-0.05235612845436201
-0.1391420898678081
-0.1305071256993334
0.112473052652436
0.1575800054038088
0.1645905573107661
0.01681247492870913
0.1062967995724195
0.1360296599168429
0.1742376367854399
0.07367363209180433
0.1856110413044117
0.07379035297394848
-0.09876109624623408
0.07966632539307422
0.1243276142352221
-0.06806603703875018
0.01729229015984549
0.1934339404890733
0.3021872945457855
0.2888080250391269
0.1738103264536707
0.006394728060538846
0.245533184410698
0.2883573217725139
0.2970316330674688
0.2433465863231415
0.1313892468469399
0.1913652351577204
0.05985917641889196
0.005093859701798404
0.1659421270666804
-0.00992234247588078
0.0402062415994892
0.004289467463012567
-0.1341865842366772
-0.188374536627108
-0.04282002112159978
-0.1301493063665916
-0.1014595130341044
-0.09119471496948632
0.0662207634532259
0.1314756441511651
-0.1555130651819117
-0.08074042001065182
0.08078046919433167
-0.05705700865250823
0.1277983581961731
-0.06446112515795481
-0.1030289410476796
0.1444186488550615
0.1765627652705416
-0.02417023814275402
-0.02469479305885052
0.06848263209434316
-0.0457093146991019
0.08475841674065454
0.06442613278210992
0.07165833086397917
0.04693645384822844
0.08104900283867812
0.1788703440173917
-0.04534115752123356
