-0.02829805288834919
-0.115416939476159
-0.01127104411098604
-0.02680268812714802
-0.03842861880861756
0.06136473525275247
-0.03262646544470196
-0.04892676434008032
-0.06788896268468426
-0.04720612974263444
-0.02346277976430782
-0.008146077650339444
-0.06114978424308321
-0.1066586839877151
-0.002562627041383754
-0.0400879397153163
-0.0685813593728313
0.01255253547609257
-0.07778185161805638
-0.0335517144963154
0.05440515751040682
-0.02569749993597031
-0.04943988892934417
-0.1477669497968638
-0.008131591961254646
-0.1209601969864631
-0.005451518275359917
-0.06350049630825674
0.02733674361283889
0.2537501694107638
