-0.1667148722177701
0.006276372563454096
0.1195066386935277
0.04882542887043303
-0.0144895759056071
-0.03805169295920147
-0.08825942643002584
0.007201034378754958
-0.05380853619471091
0.005633782792395334
0.1165823568211741
0.07072910003977446
0.02058194220422047
-0.07283176383707959
-0.01480571369484125
-0.041958023139426
-0.07144556952682103
-0.06080013728076446
0.1273142836856553
-0.05004831236739073
-0.04595936076920418
0.08973681579652661
0.008872091278785089
0.1244286774205826
0.02871898318913745
