0.1254781061448609
0.1011753430864475
-0.02210891054547075
0.05748285417080035
-0.004961681311124783
-0.1063452560252833
-0.01190131918354477
-0.008142569457808868
-0.0635246618957581
0.0725510679328497
0.01489407331100659
0.06063630746195785
0.08766465229704887
0.05389026437086395
-0.1058132109291618
-0.01718653296717971
-0.04269497526435442
0.124217946458723
-0.040184763081963
-0.07253608447226163
-0.04914909326610271
0.1112681072342111
0.03512820341163488
0.04340011031041024
0.1324776235303669
0.08775676161145832
-0.1211067616524859
0.07679856952047677
0.01964139692243019
-0.04596110965053098
0.04518004970024634
0.09576164021195981
0.1190398989240971
-0.003737285418981254
0.04861668248001151
0.02958416759857367
0.129975706605976
-0.01049651093245716
-0.07822901998930658
-0.01636760597992411
0.03793426339204588
0.02247709248536911
-0.1189607912533501
0.01971421554271408
-0.02261626973135945
0.006174847579225593
0.0332318281358702
0.1001072184960624
-0.03986531474911382
-0.1230426809281927
