-3.730609390757687
412.6820156381199
-0.003762047851060601
-6.789576799605446
-2.808188217114492
-17.84302337465915
-0.3518128566227236
-0.4833920716662742
-6.362814829978114e-05
8.989462737922251
129.0137825299978
83.01475769403623
-6.902220912456467
-13.0449654222992
-2.191497035952246
367.0215639273841
-1.690158265970555
582.5157418235203
-0.00109574261830389
-5.065015377150186
268.1348291453453
-1.35687143634107
-16.45617954987803
6.468480162209315
-2.027163214649851
277.1517411795196
-0.8642324043114361
-10.09767805834221
-8.738739065849273
-0.4531212428610126
