3.827816287162401
-0.2058833498993416
-2.946034173254874
-1.728334730224371
0.8535749225410472
-0.263598037005055
-3.942385550426655
-6.962772389444971
-5.955305028200192
-3.416910541593114
-0.7422068823791989
-4.936733111667091
-8.277679550576666
-8.117816906081259
-6.468091762297042
-3.988482948346257
-7.85436210181242
-10.92793597054205
-10.83126750187741
-9.696993640909852
-9.357719673879208
-13.00992911229986
-15.76789119917486
-15.58844797082349
-14.48807486398403
76.42014800474898
7.014540466677784
-56.64419126239087
-108.9035015918633
-168.0247500477586
82.33894868846872
16.21761074083459
-44.97650146554695
-95.07774206905206
-161.1599755854961
86.80319450149581
20.51294447322449
-43.25306817700779
-97.68488810841315
-170.5356436682935
71.78031941932997
2.074532643934766
-62.20359441733635
-118.8947127493137
-194.1363014003939
60.08523870892084
-12.10978105411558
-79.24372247213802
-138.9924924469136
-212.9682526004986
4.302597618183053
-6.9068219437577
-12.9902429643918
-17.36479237816377
-24.41370414453616
-0.7906620985127808
-9.247349963770464
-13.7483769658685
-16.9613000123318
-23.8455032527064
-4.967153323050462
-12.07058470693843
-15.90900515876626
-18.38453153311391
-25.02225896777004
-16.36487868033846
-21.36458186614965
-22.68604757888956
-23.72742033869618
-29.74996217462825
-29.97212914375474
-34.14113651348345
-33.97225453460139
-33.66746707675972
-37.95506382068915
-8.292867769036306
-6.51378660788779
-6.982472895073126
-10.63218779734752
-14.51801995169479
-6.334712168322517
-2.988723840594529
3.021635138199385
7.208903904102181
1.735402614270566
-7.42195252297038
-3.357254165701795
6.100456310563096
6.191639160096459
-0.9973390345405492
-9.129795334641605
-1.874242075475862
3.523210229791989
3.985741664111927
1.128711239849314
-11.3395160511228
-3.829600457595621
-0.7928958232225374
3.193952219569097
3.795594594047969
-3.189113726427688
-1.193584853966489
1.293694672131714
6.872106398243615
3.878232503247179
-4.101277145263953
-1.928786228692353
-0.8095011729361773
4.11960769727048
0.04280364915832856
-5.320621376134321
-3.16311554688368
-1.644238794965285
2.7187787051073
-1.550649531817362
-5.523476498878209
-3.994384511976581
-1.576111222121926
1.958192938903583
-2.567441160561993
-6.114004918948266
-6.575563228350655
-0.9958248324281388
4.811650557131395
0.8370940824498183
-15.50839222530454
-11.72273098460321
-9.279034031874364
-11.8800326698157
-11.70392474393605
8.496935217370636
12.27621601852153
18.16791311713513
15.10142988810166
13.53677909848433
2.632116773978374
-0.5884051437978578
-2.411935292242405
0.2705530247619352
5.25032810519863
3.587900412078136
-1.563242647963577
-4.154642277013594
-0.7248064548509455
2.766504632895579
4.666376869081346
0.4965113940300286
-3.538854469942153
0.6902840074155013
5.211091280518388
-3.266040416273986
-2.933944679193512
-2.752165312195163
-2.065574900357582
-2.091595854339201
-2.596742499669573
-2.851253902806066
-2.950076885037149
-2.398009223552678
-2.241232920846529
-1.699034397547135
-1.955432975591032
-2.451345407758629
-2.412322799515048
-2.159250719948706
-0.4512850612732824
-0.8650074598499815
-1.709903964736357
-2.384506226771577
-1.983977474668858
0.3045512227204701
0.1212005680482227
-1.030579400142424
-2.33391579412183
-2.240605950119064
-0.1883404324731005
-0.1902509982675856
-0.1489990184732549
0.03712154485023265
0.1135811563337367
-0.1350061787443149
-0.130427770688524
-0.1198185041136481
0.01656317749279158
0.08734890015556386
-0.09466483817482926
-0.08542568303975646
-0.06662556576353713
0.02957847826625466
0.1298174449962062
-0.0487597168570455
-0.08443744696107873
-0.08559169592154693
-0.00321840595576653
0.08873024524244714
-0.03705119360159127
-0.03399653239129528
-0.0880669277945825
-0.04927329185622448
-0.01243691181842188
-4.81249483379803
-3.71463426534336
-4.327332176679016
-5.318318721278104
-7.805703566631814
-2.645757458955105
-1.158491185460469
-1.439439117166297
-1.708535205111195
-3.76921274876734
-2.999157847422187
-1.406330866911283
-1.585193720504123
-1.755165696399142
-3.909015855463676
-3.456455904508817
-2.064448514901007
-2.374047440743925
-2.244843645654061
-4.380034854659202
-3.723721473903543
-2.616642334598899
-3.433231123167304
-3.347573949538717
-5.214273266309177
31.00184412990103
6.180595101123219
-18.5931239671349
-41.68248734876678
-61.81954186094207
33.80926537378021
11.74395227479056
-9.280762586381229
-28.21371112883222
-46.37905567650132
40.20259458150747
11.12419448459457
-13.70948240020813
-34.60937761841021
-50.99278201282704
49.64441915353367
15.44815983269712
-14.01605615264747
-38.60501645205091
-54.47284766557674
59.18733536892424
22.97903485446979
-10.27397972081917
-40.20482759271091
-58.54150854332312
20.71346628450802
-6.378896845669725
-23.09498979784379
-52.69582347746067
-72.5557237372427
42.39426947836898
15.04931844455935
-2.493005827549731
-32.93674526788066
-60.12561582909494
44.39669474790971
18.95198039891325
-1.431618306045037
-33.9387698874224
-68.85219139047241
48.28538043241624
24.36899040841607
2.067110713728543
-29.88747097164229
-68.41502622650682
58.97764914156078
34.34121646143361
7.333972160323516
-26.42424835102748
-66.2767679798735
-78.94300867518442
-44.42073070069529
-44.74663226895314
-72.7039467081739
-80.43480836899492
8.420257714592154
50.91515952757097
50.080180963922
36.9116146863303
19.86871348626313
-5.93975085220517
49.2497659829799
43.08898767795839
52.73701039111882
38.35342834520673
-41.28165567292265
11.72713388683971
-6.17796436482761
24.95246126865296
26.59836086490155
-59.54859355643065
-17.13417508682772
-56.83147141592175
-10.18206246172163
12.32495038706361
-3.705653213851731
-1.485349095093368
2.901612375391393
3.466844179381846
5.984693743890123
-8.182329786463049
-3.020237977036278
2.475686727717424
3.29109495774441
4.272378834507343
-12.44262623703488
-4.113819339712109
2.802433036302426
7.26602381748505
9.852048330033615
-6.847048952535177
-3.638579088101227
-2.889884851882532
-1.613204438704531
-1.67875333084966
-6.26870869088007
-6.596957978175722
-8.791589054796322
-11.28717472584459
-17.93277946105797
5.325557368695326
3.823034258605009
2.116220729598928
1.276808503871428
-0.5314304796628622
1.303571243966254
0.6866986036564793
-0.4008028865654419
-1.0791134441648
-3.808403813419427
-1.002832889546809
-0.8641993328254267
-1.950113037560402
-2.971555025343426
-7.154865448944177
-8.168134118267805
-7.242052941044972
-7.872182961877498
-8.58824719871995
-13.61626576903717
-14.24930619863538
-13.82532877720138
-14.27676739811759
-15.05678101286714
-21.35658241078932
-8.756537278813383
-7.044632138940499
-6.795312653638067
-7.530631605443215
-7.951040167957098
-6.418386701824281
-3.96506553906975
-2.885468779408127
-2.559970657163461
-1.963577562706169
-6.286566124211418
-3.269221154379981
-1.687273440237445
-0.7612117489033642
-0.02532018810149387
-6.931436505907721
-3.024306249892131
-0.9758438092313581
0.5864601334824143
0.7373506092488359
-7.959325632772392
-3.528822331263261
-1.181240020788118
0.2273096878071466
1.124298829579583
94.06671718723675
25.91340284716825
-33.87540497116964
-83.36037232967428
-138.1269555404047
99.85710376506681
37.51677987402635
-18.19735733561549
-65.39125350202852
-129.1157460005766
91.01400624611119
36.19100335184382
-18.88216924535145
-61.43341532894002
-128.9536803428447
67.0949175452683
16.71624849218368
-35.16934221724216
-77.01155587316232
-146.6332339891615
47.37232065545903
-2.077050803963974
-54.78209608068558
-99.25708986865807
-168.6735860026976
1.508164640847046
-0.1984600809601357
-0.4426610742476129
0.5110245718060946
-0.1464481137704437
0.2862439055599049
-1.470992264794169
-1.986262186984518
-1.038954389738194
-1.86653112510303
0.01737236772546719
-2.327438139515663
-3.49971677913849
-2.605386503111851
-3.540967254958591
-1.044988886597429
-3.650370805729287
-5.41896707847839
-4.707259314567811
-5.876438575128123
-1.917312775352781
-4.736137728665227
-7.28884324169251
-7.249024905833048
-8.87485175502464
61.67683001794805
13.88241748106789
-27.67807605066724
-79.90874077712216
-128.3846983122795
82.85895773673708
33.86052184161069
-11.14808597425721
-67.34731368569753
-121.5634446508869
76.05507314426606
33.51384855488288
-11.49650117633641
-65.93773216313717
-121.4741728486593
52.32318534399037
14.29407943949331
-27.47222403597901
-78.79689756253512
-133.1986164474068
29.13933332272245
-4.043819357178639
-42.78693923952857
-90.29153966727866
-143.420758510346
46.87655145231277
24.33755706682231
10.96276914253003
-11.6399282150072
-25.49776172326503
35.13945943152439
16.11210336421755
7.180080117752013
-11.24684913961073
-26.25203829091098
31.54026705086148
7.382793185544087
-4.617350123797818
-20.89599279335481
-35.75115501757684
27.38616729169197
-0.4573901304819745
-15.84612337877919
-30.8440312101174
-43.41436399453263
20.58980311777556
-8.860370682311991
-27.27879984468331
-42.59619586984211
-53.29175011284176
-4.205203944794896
-3.529732339637266
-3.893745547352327
-7.26101609135945
-11.00860664330616
-3.501342620931393
-1.929167841657052
1.235415632042346
4.250441230071622
1.78600394000643
-4.219912922051028
-2.374859719183125
3.425745082595156
4.267993247045373
2.105061155340838
-5.429938474900163
-1.901713569896031
1.940669885918306
2.522507142023118
2.185090835195346
-7.467309554298624
-3.788650481879648
-2.389065715084832
0.8558550010064022
4.148842914692611
47.18947718850287
10.07173198763559
-22.4025832512436
-52.51771418032748
-86.46541846401183
50.47833075200401
17.05270050763222
-14.285917388043
-44.62642251985621
-82.83670934115403
49.91858255262805
21.20903334452534
-9.599246950283105
-39.11414545384405
-80.6442186127608
39.88978673485223
13.53822641604492
-14.72276057626729
-42.46729073849263
-83.2526307795091
36.44910590340682
12.83673179453016
-14.33257640412918
-41.14056781421424
-80.77492576274064
-3.234347681001666
-4.242321719251781
-5.143357990335362
-4.991566346440514
-4.665752629101844
-2.000898069731913
-3.688596448927156
-5.255968955027999
-5.776217091748398
-5.71304890018251
-1.065582898145305
-2.785459845777776
-4.830407491000594
-6.001089816716663
-6.448988101823788
0.4153437268637123
-1.529502606132638
-4.259699704233268
-6.626862420560662
-7.901921354518188
1.132960310547074
-0.9794159319339542
-4.891868438325153
-8.438463107494554
-10.43297750704106
-5.677702169560102
-6.685231834831557
-10.54420472019835
-14.00212437649381
-15.55404163084258
7.62390383353346
6.497695404253617
2.808187569908726
-4.233209843905536
-10.127854095603
1.758180955665592
1.221751637022456
-0.5162932501440662
-1.884107955018441
-6.272495986270131
-0.9084770638826473
-0.8616472804639617
-0.5868423722205751
1.831454929853246
1.354639811971139
-3.537497530165
-3.290571972445574
-1.661619238354631
4.872289067932912
9.022146014909188
-6.858984539437961
-23.33561528781893
-27.10855608775039
-14.9585329309336
-11.5084802125409
19.63615959882484
1.131127355510883
-6.599175059664001
0.5092189045338238
-1.653921571021404
17.06210430477325
2.370384709923766
-4.036104106205411
1.108431012940384
-1.162993441408446
15.29318575428327
2.124005247533588
-2.829755266829618
2.98995980087509
2.767140427843811
12.54911032654019
1.538143231664567
-1.153293467500427
5.116848197130343
4.050781123773546
-1.587685610607559
-1.59750825284503
-3.108839631745861
-6.213551154774122
-9.189590082187401
-1.429361809588896
-1.147116028305091
0.6153578353278525
2.318761246441233
1.236407529319589
-2.831339982389863
-1.934999884966249
2.910963169775402
2.954793791709871
2.189170367724449
-4.842885789606188
-1.287316316323577
1.522545288011764
2.311814227222769
1.836495737885036
-6.636284378112271
-2.71918479755184
-1.452604343711774
0.6508030472366014
2.38008105362971
32.39678279019807
-3.976876839017312
-32.21160891049416
-53.51034047946847
-79.83905658964495
39.27129511455469
4.063708896819394
-25.02772464366486
-44.73587515102041
-74.23964453094197
41.57549116564412
2.313192403357224
-32.80674459525653
-55.53880901728456
-88.93240235333583
36.93074488754667
-2.26165714615989
-42.37009498685513
-70.27108675344745
-106.6210644493846
28.48033333711464
-10.21270805425614
-52.65835346286607
-84.85362642934996
-122.2049777623604
-0.6967876733813483
-0.7702557826886448
-0.6949498083573609
-0.5865603427702719
-0.5680605453210639
-0.5012010346197182
-0.555739061157838
-0.568376160980856
-0.6832942703474594
-0.8153060384433624
-0.3195294293713218
-0.2645597108357504
-0.3121300618997702
-0.4851555442811195
-0.7452673476028977
-0.09396938494921429
0.07368837762490725
0.1360456193215676
-0.2450389786262017
-0.6435274915839519
0.5044824931426665
0.3526189281762447
0.1090657694121241
-0.3208976981886578
-0.7366573152113742
-1.16003350002292
0.5930627338336358
1.103806756357429
2.242451860511166
4.073574751199258
-1.955712827557032
0.6419617099152705
0.6794781050236746
1.328190110644259
3.676067862938623
8.469798932934935
16.50925577383132
18.23591735537497
19.95698714211783
21.72846640661319
-11.74778934083621
-2.422838572551998
-0.04716293139082373
0.6649015410582062
0.1177710759378621
-27.12587447156331
-21.79777415285747
-22.01785271502845
-25.28867327875571
-30.90451940426708
2.420557163796566
-1.397611904795817
-1.32150837591546
1.525700599368659
1.997336549807879
0.7263030103267754
-2.943389235617408
-2.499645188967107
0.5332416775591267
1.582647027517294
5.76416405018567
2.799366481842066
2.480666287424296
6.605051586882289
8.150977367331702
-1.70264144902672
-0.822674463612689
0.1767083487591964
1.871553577932754
2.846754245856792
-11.33960454033227
-8.546637752752323
-8.6626512112525
-9.658173003674879
-11.90386813194445
0.2260779226087198
0.04574280103977008
-0.002552815037520303
-0.2316370234731673
-0.4149028801651187
0.08770647671930469
-0.1003505361653496
-0.1105755725844536
-0.2621038250439615
-0.4794016560959459
0.01650330867965884
-0.1190241177010101
-0.08858161087299052
-0.1976917845706316
-0.413266831537356
0.04266129936087325
-0.06873741776732993
-0.02786717392641159
-0.1549000316889031
-0.3088041463112395
0.06950816577282488
-0.05905000604967635
-0.05741237421030682
-0.1423479360314319
-0.2868149162687051
