-0.01626774983207047
0.02604841240605012
0.01279582603690614
-0.01297471784297009
0.2078836508425105
-0.04850487787870228
0.06283457812441937
0.2038833406242435
0.008136459818878655
0.002665614438038213
-0.004922174896516677
0.06184061268054449
-0.04983343314842378
0.186219419438146
-0.07460115832793932
-0.1137526919006455
0.2381030968144818
0.1648200131410254
-0.01489505096154994
0.1133444542128552
0.1718188585974469
0.02327243832367031
-0.03784992678760387
-0.05310742568724145
0.001893765888702404
