0.05321073325954335
0.1013331326453022
0.08081342638063449
0.05765780568639948
0.0466770239961383
0.02525384191517871
0.09957668722855753
0.1107164508693436
0.04319766197029112
0.06747225720134534
0.03796290379862093
0.06017728377167273
-0.00552796794122081
0.07894318704048091
0.03737502542172855
0.07062925190116312
0.08533135236718281
0.08492700555677549
0.1053556274178586
0.04636143152324697
0.0203932034188885
0.087702155971966
0.002744207962588132
0.03720995744774833
0.09015977954618858
0.06262950612846656
0.02538484694915766
0.09180233537043062
0.03018743899469822
0.03260806514596302
0.1412245559552134
-0.03074693024835198
0.06910745577801802
0.06197715654953861
0.05202264406714057
0.03538754224157694
0.009183560175495303
0.04832568266357522
0.06914387593309108
0.02755532752385327
0.02187434272087446
0.0007042194791351806
0.04446139911217313
0.01667492170767073
0.05191023321982332
0.002680673636098004
0.02698930090290302
0.06976220300151426
0.02084808819055267
0.07478440128829493
0.04556137733731211
0.02545549372485561
0.06119644389317817
0.04178937491002986
0.005456557883549111
0.06215440974745162
0.02152336286704083
0.01872707380750919
0.01677055967644441
0.006008113530995343
0.03266282363371855
0.01573839614513818
-0.009084505730825644
0.09913659957011837
0.03386054277190115
0.01358788525481585
0.02663321685011367
0.01617938863082665
0.06478494225959602
0.04521435273248862
0.0533989051090946
0.06424715160344188
0.02371858921631216
0.07058659852903884
0.01753912982915658
0.04201909988658983
0.008109917432079958
0.01985748135063862
0.104459090244318
0.04744078576005382
0.04345092920818559
0.06636294942871783
0.04282891111082562
0.03505762534586717
0.04433390248372207
0.05479524812907429
0.05966818164861899
0.02855537894682253
0.02836459074019233
0.065877379943148
0.04093290221570396
0.04871414200009805
0.06007948039813827
0.02257533608287162
0.06235342839184631
0.03308572842734675
-0.002125094745607187
-0.003005683867357412
0.02266243511271304
0.04720251929738145
0.02868834004140586
0.01103100371916757
0.01912123417479641
-0.01111480824658585
0.007468698721859509
-0.01364004856367357
0.02615094200771483
-0.002026660407273913
0.008003583068873998
0.03357303214218781
0.03601043724166593
0.03554923210341269
0.007151042481706946
0.002692262287873269
0.02276632150237866
-0.01720579615185021
0.0009856575748508987
0.05844254135224757
0.02051206809178861
0.02073835945900785
0.03151940344475297
0.009946761633028696
0.01563367048373237
0.007167070020362956
0.06865336065385774
0.1488515280572028
0.1681894408923022
0.06768155765080694
0.04004387952965683
0.05004532014057014
0.1025094134963631
0.09148509393443453
0.1012899514786341
0.0913320299179162
0.02700784025879972
0.1041206858325053
0.06078037407160371
0.1178262774464964
0.03483916789845799
0.06470236179203305
0.1155268803681514
0.169913801530416
0.1299375172622615
0.07987236086864867
0.02545859965020226
0.07174844219098463
0.03391938367140263
0.04804156496166982
0.08975310668885521
0.09463510477398704
0.04161276881373605
0.1626427209599416
0.05477966886126683
0.05711648888590458
0.1785682461615554
-0.03346604590796905
0.07983479850077529
0.02515999317566074
0.0296766334653122
0.009739650931352454
-0.008773196461393393
0.05875367603370162
0.03430616196877904
0.04975598960601088
0.03265381895725155
0.02303834828264099
0.03492695324610113
0.0149639528918429
0.03694177241386876
0.04048337668068838
0.04352809440917824
0.03624244734849404
0.0358332523894977
0.05121049609968859
0.02458252150652959
0.03356053601649558
0.05030302154072164
0.03871992344281203
0.008262362784306703
0.06729221679682254
0.01464366234941283
0.01713612131162116
0.03795551051040168
0.0131963215696164
-0.006503591791982989
0.02177550749218933
0.01468156579845689
0.1139198923422291
0.03996155800727436
0.01300510671644241
0.02391413943735492
0.01155525590594694
0.06747440483330085
0.08079927055679482
0.07328570416102327
0.04574520254281075
0.01915794622264415
0.0550846104071581
0.005594830694528587
0.01693182639781491
0.0362224984104122
0.02688636045557206
0.05734957188408193
0.06040967461007853
0.07740784488069276
0.01796865453696659
0.01268482502871714
0.06706939645340397
0.01107280611448628
0.03494755001604224
0.07533545370769268
0.003608153565800999
0.05602839165315894
0.04562796131911205
0.02650992414782579
0.008160463028911068
0.08464952911345712
0.004183618552728113
0.1185939839321509
0.126198880051192
0.03511572996873148
0.04133579313319207
0.07677423784689916
0.06905599144367654
0.09253201775324348
0.1035872903348476
0.07413610314140431
0.002641104612675846
0.07976042387896896
-0.005546092816121179
0.04780590116423711
0.03118311642790796
0.05436788977874234
0.1072210568759424
0.1126889601637475
0.08991166415855081
0.08268803992581152
0.05648007193926019
0.06349302945367025
0.07180860942392842
0.04853159643359767
0.1192221338977823
0.0148124981314043
0.04518205828073758
0.06852732353502201
0.04862575478190555
0.04431306740066977
0.09544259391399798
0.05193268518208829
0.1479397589605131
0.1037654226287418
0.05767295663076197
0.06220379007854625
0.07050957180252633
0.1272397268810542
0.08302186034679551
0.1033563001815838
0.05690004028383344
0.02131982352611115
0.06852113768003319
0.019379142847731
0.0914938004261408
0.04315180654462421
0.07829357972505674
0.1044534647215852
0.1149455633928876
0.09365339438263127
0.1105586414494724
0.006111188027906087
0.0709633671449085
0.05110242561952889
0.04216707426966974
0.06969081424171029
0.08237602858739473
0.06536421688123729
0.1091971961631536
0.04125263005261498
0.03193934843291424
0.1271183389876979
-0.01730303425799122
0.05193675610244614
0.01843368469061454
0.02294327042334583
0.01504230927829014
0.0106852263084105
0.02311325893243034
0.0481599656493172
0.009988139024640188
-0.01507481803239646
-0.008569082667368647
0.03022873183923011
-0.003670407360024406
0.02958109825904728
0.003908743209189902
0.003923902626934726
0.03261611681742091
0.02314889559328332
0.01928067282890218
0.01314221864322076
0.0108900909103739
0.02715968543750202
0.008751184105119913
0.03613678403112721
0.04151502399913783
-0.01072518506085782
0.02169134032678488
0.002369943148635471
0.01773072601126534
-0.01152755160342338
0.01970066327581349
0.01290051472511521
0.1299657677039619
0.07770778054436203
0.04993832766998398
0.04086492843375147
0.0446678462238471
0.08649015003737218
0.07619476964773313
0.0893430688948654
0.04599728122734903
0.04406381762991951
0.0627399463344243
0.03849724984433028
0.08297453217804407
0.05969151439054634
0.04902188383559152
0.09893102840110098
0.09664468874513159
0.09530986863052911
0.08194159340256293
0.05622396306545337
0.07105435959022519
0.02285020262567503
0.06583474797070495
0.06175300825789846
0.04625309791010843
0.05054409143026421
0.09781222921610293
0.01630187585718951
0.0509365386897899
0.1188323450941013
0.01352926011355266
0.1321799960522628
0.102188527316768
0.02732364668737017
0.02947610460619314
0.04893615535857723
0.09032072712411834
0.06114601552801802
0.06658548888787096
0.03240708393970311
0.05016480654194026
0.0809513157741554
0.0009612055123067178
0.07719107272660738
0.06283692579703565
0.05273811863988871
0.09721233322504669
0.06932707442416308
0.06118457646736858
0.05733600629260287
0.028504437712745
0.08628351811065822
0.0479594558089525
0.03469389290171181
0.1097047785791593
0.005742552019714802
0.06406612445003895
0.07329002114717613
0.02826174033335427
0.05228699179894283
0.07088343742168794
0.05077405752517904
0.09662075302215796
0.07059408977940047
0.001866155684835166
0.001059706588817893
0.03817737536381991
0.07278631618959294
0.04871450368064248
0.02717062055054307
0.04989824981410997
0.006235361856406822
0.06798630079982547
0.02964827449126292
0.0605262467449288
0.04252916764548873
0.0374414094833082
0.06155899373546755
0.07037041169179317
0.08412756823328033
0.07104705109257055
0.01819440161899219
0.04331590173721241
0.02445517832207715
0.03266326260270657
0.05878551846718477
0.04163411067312067
0.02520702370431245
0.07636983919721688
-0.00713437327697742
0.01833171822512853
0.1081805277473784
0.07617623039174087
0.1079653887321102
0.1129681336090126
0.06550423088223876
0.02407177315564305
0.06315268242943338
0.116743810726308
0.07394122307261519
0.1021235697940834
0.05683942514305112
0.05216700336738342
0.08225542493639777
0.003406987294523674
0.1117445666219542
0.05500493009401487
0.07793341692511788
0.1363464230526238
0.1457611638075855
0.1007961816027542
0.08914120905319776
0.02609143892863908
0.09765898004331867
0.03605026904712498
0.06857617247263866
0.05972885589786616
0.07234321264774989
0.05171645033697784
0.1441917229682871
0.05262928104626123
0.05311843968892507
0.1423538210326014
0.03171098109425136
0.1254314523673005
0.09403878468691461
0.04312878649319703
0.01818042824314948
0.03770780666083712
0.04747064809908692
0.07297112548539218
0.05905753809869919
0.03199181657663994
0.01743402943990846
0.0593918182385715
0.01513332932098654
0.07945229875846523
0.01313277111874116
0.03312270711029471
0.08858036975378977
0.06176389867843864
0.09165865951810626
0.04350568474050629
0.0157273983347512
0.05574048458584921
0.04120183686602029
0.01639504143199346
0.0827928616680413
0.04263916490558215
0.04700732884248733
0.06680470042728893
0.04183307199475172
0.04443942778572451
0.07937121622009739
0.02120703307349567
0.1233589983588924
0.07854192485048318
0.06605330238510353
0.04516281831846716
0.01206664448615734
0.1178734140369186
0.07787627566762109
0.07713438112401741
0.04029320723111204
0.04504462368305479
0.04902617558449799
-0.00888443582110345
0.1076038159567627
0.04519194079191186
0.05134754788420959
0.1058570288452877
0.1101375149190622
0.07875323254307387
0.03792614300347972
0.02616897526407585
0.08467462838878073
0.01809247007760636
0.04766391007878822
0.09917536109465465
0.0523284610415358
0.04153262173783463
0.08941531006397334
0.04303191844823411
0.02088579600461909
0.1058662280061474
0.04884137251968215
0.1516413175793628
0.1329992689158375
0.07307145034941864
0.04825942375863775
0.03018149401553155
0.1235869461869428
0.07566307514960126
0.1044468293840578
0.03909769304148208
0.05853673844962534
0.06025584671425807
0.002042457859925223
0.1031948561799513
0.06373237156842705
0.07049797447057352
0.1141828480914624
0.1240683378445871
0.1241857018531263
0.07890071266908009
0.02203877702893636
0.1001267360257652
0.05593541114315981
0.06869786188161657
0.1035286132289631
0.0637471688018984
0.03978702517247512
0.1123470554100808
0.04144279297430162
0.04842388613422585
0.1211912585063435
0.02631542031888081
0.1382194930436062
0.1198552997929705
0.04620727344853515
0.0620504614736264
0.05659428786794777
0.1284172068842969
0.11868625506903
0.08314925837796948
0.09214847258987144
0.04087216142525667
0.09069027028787065
0.05428317419903499
0.0960507527574405
0.05025455304803565
0.06518153036213506
0.1240647720473309
0.1144263131408926
0.09752307508042819
0.05340009747701153
0.04180602328166093
0.06840934146076823
0.04324316312646585
0.04541421983604145
0.1043069368746344
0.02461076402071672
0.0680094284796129
0.09485981644871426
0.05513982454042997
0.04050048374653651
0.145402543355938
0.05613474923200347
0.1271366759576209
0.115966432526088
0.06980958521335232
0.06466594708368451
0.05807525977446786
0.1143366943668588
0.1036212372424075
0.1148582627237752
0.06841015350567846
0.01848185300541591
0.08016151284824052
0.01985103320783729
0.1046857674602296
0.06987573081136299
0.09335835998157727
0.1244417231509989
0.1175863655091733
0.09654604613701648
0.09760222363276544
0.04944211842787987
0.08187496461699256
0.03206135968728746
0.07675153524233526
0.115133769647104
0.04779464578360514
0.06023924886890823
0.1566897745404724
0.0607737812440485
0.05579117948957182
0.1489973547652025
0.006899339785164579
0.07617455582682948
0.07546834762987381
0.04944117217172112
0.02027792586940888
0.01348542214726831
0.05895127580240316
0.01224185545866525
0.03402019435239832
0.04906129865621298
0.01441083807588222
0.05665338885294274
-0.003424919920540336
0.07082496716456324
0.0361965473461995
0.017644047056466
0.05473418345698141
0.0419202164783041
0.06312300496287308
0.02143484470608027
0.02976100326195387
0.04989266394010709
0.005824303655008009
0.02823722534813921
0.04471677878066561
0.02618936507850061
0.01481059934945806
0.05302883185366059
0.007555750112147216
0.03594006259222333
0.03852526521416173
0.04457859156762707
0.1265507573706731
0.1415742727127766
0.04014095770844495
0.01440233236489513
0.04606247080561049
0.1115760180576273
0.08413541305569516
0.08363558107180247
0.04924464387738676
0.03429083038555504
0.079821877892248
0.04123727332163798
0.07876252204847237
0.05488126140983008
0.03656071955416383
0.09951825325465953
0.1405147659618796
0.1051650512862132
0.06465249003715418
0.04464469407425103
0.0492523695993632
0.06371624548994957
0.04006782689556473
0.1164438635978926
0.04534864637944995
0.0482052368795763
0.09009549718447842
0.05678077580534069
0.04564406084459529
0.1245315134963603
-0.007956689645622777
0.02840524429815449
0.02018324365285578
0.01298058169962267
-0.004737657111461817
0.02681428312356799
0.02543935114708297
0.0229086587411186
0.03519327281550734
0.03748842231172814
0.01602075239099519
0.02282944892575578
0.01062655763583359
0.04279629432009843
-0.003293660047627986
0.03548620933557044
0.0309712746087755
0.06045352657958526
0.02710740627430027
0.05011317422544156
0.01970448479155784
0.03402356156206533
0.03441785769871693
-0.005321218698810706
0.0181005242992704
0.01076765385437468
0.02282575446194501
0.02339411600348065
-0.006940907293805286
-0.003001409663206302
0.04288496515296175
0.07238094215533318
0.1572912290498048
0.2055004263135272
0.1062215547100266
0.0473660761046989
0.06884116118708346
0.1552958857472845
0.1443759455795559
0.09693209137432096
0.08054939189196923
0.03609260493475885
0.1039250412800651
0.04900129214913744
0.137820169764716
0.06801037744873438
0.09148547718759242
0.161584784862841
0.1881098273109481
0.166645620011304
0.07503334012218495
0.04387655551203607
0.1101894766840232
0.03656966588601277
0.05911750388934184
0.1408061508715708
0.0787687172252695
0.06115743941319279
0.1621515923820724
0.07835108682489206
0.05150481166190164
0.2101099791088094
-0.01510163806599849
0.08021778998097218
0.06693896664878542
0.02211329259071427
0.0275294000614996
0.01359049419072772
0.05445284117442601
0.04095137504835107
0.04551166937287803
0.04099991961729161
0.01033645918751796
0.02795209844213879
0.008700328509438521
0.05054479148268263
0.03867572689603389
0.05665634051464447
0.08453512631797663
0.05787914081037422
0.07828682147948834
0.01045519774131339
0.03908156502329721
0.02938949482547722
-0.00414425608872162
0.005683989919977748
0.08746445567608155
0.01847280871878904
0.01870781291825405
0.07822498787483236
0.02416480520481887
0.02882922678133858
0.06884310095373404
0.03265671948410186
0.1113836684726545
0.07709670624297042
0.04473447587851487
0.0313355220944076
0.05723861844798422
0.03067060051027512
0.07102436355685916
0.05841390936392659
0.04596914160937191
0.003490158324858875
0.05382610588221717
0.002022291294765194
0.04359381028774283
0.03444504214160009
0.02234501098369437
0.05935576519942315
0.06182948098859412
0.07912906538159784
0.04855594931636249
0.04900415457932809
0.03941006498431639
0.02847523938134466
0.01737345861709548
0.0371557234080117
0.01333196449782392
0.02577478014210483
0.08281483248453431
0.01925298838254415
0.04850353404798765
0.09032375159970499
0.06706371002382182
0.1220479862441704
0.09910277711214331
0.05136441934401512
0.02170081304241435
0.0177056819575794
0.1037830090147511
0.1039863809392194
0.0711412466307899
0.04551877543418889
0.01957507505585271
0.05179532158292303
0.01706124151621677
0.09459419429424747
0.05099140806370447
0.0511643691830676
0.08010494678163449
0.1374525552708427
0.1020084744861499
0.06683067902189263
0.05053942042521247
0.06776058105517214
0.05091126294929381
0.01552616114458332
0.09275850674723099
0.06072466617242188
0.04306329891090972
0.1022331622806607
0.0357555753016536
0.03408409616126441
0.1134593673423395
0.0171685989528697
0.126454897936264
0.08962163316722427
0.04950346375942134
0.01450991194751413
0.03973135498134084
0.06182171434188723
0.06138128667397821
0.04168319005838905
0.05003159253021629
0.01074418563538766
0.05272274018941014
-0.004939878180075026
0.02972134634728821
0.02031706579204083
0.05218688375463352
0.06172776198989723
0.08327870756849826
0.0511000571363194
0.05233580869124081
0.004647317553042467
0.05973599847173323
0.02870128339307518
0.01601699702391189
0.06235165697616075
0.03230641905269929
0.03725686982417014
0.08847099491833368
0.03846675438015403
0.05294424528189143
0.07424389232348924
0.03694143539098471
0.1187948661843491
0.0755072070226466
0.05317261770371749
0.01826759274766606
0.01983354207716159
0.05604875475202088
0.06195875010322804
0.04910061627829469
0.05983516347170081
0.03175260161891831
0.08339836172406485
-0.008104532281367283
0.06454781983436472
0.01655994415506536
0.05248397045642628
0.1035784161252723
0.07336834679685007
0.08544653842033036
0.04935221287841347
0.02990040935485895
0.04528736123354871
0.03914487409624536
0.04882002492755082
0.07633220995592095
0.02036884968356016
0.03096392276766326
0.06215238982030052
0.06516485396874282
0.04113933399635379
0.08020237211234253
0.03982623448652359
0.05930120072798522
0.02620555331595047
0.02252733975736978
0.01820755929824779
0.01720873665509102
0.05381053525925333
0.0578172090582391
0.06085007409094483
0.04001916682161868
0.01541113689093267
0.03520510587394241
0.02211062848213443
0.02759571653867001
0.04654070639571378
0.04200604905369494
0.02668525751898301
0.04812349677900764
0.03055572498532519
0.03799757763558842
0.001067052769887836
0.05730544702590029
0.02527634451253384
0.04991714260949703
0.03042414871297347
0.03575520350076516
0.01771569725520398
0.05549558122519094
0.00951108424426584
0.0241355570558397
0.03021539385979554
0.03813689296174871
0.1043552816428923
0.0932258585947172
0.03970325292465747
0.05459882546504537
0.03990919691300694
0.07512984587467371
0.08768054743452715
0.06519378087305636
0.08194668939798407
0.01447814181684285
0.0459564958024298
0.04006714725277007
0.08722190228145407
0.01485366919407948
0.0525393796375035
0.1269525092145545
0.1087244968136735
0.1054591469694139
0.06577810207677154
0.04194359401267635
0.07245096583254673
0.04500966955754667
0.04816381016300485
0.09701824494093808
0.04293093623707565
0.03438156807854162
0.1043235824574275
0.03022877958860045
0.02167841950688134
0.1213365811818289
0.07442567728704769
0.008977905869927198
-0.02895836086494681
-0.02766481970478584
0.0653989909453561
0.01349260536338584
0.05692355127402164
0.09676927433135414
0.09730952650724416
0.01016546604377898
0.02001890444136625
0.07650548805992763
0.04518809605292458
-0.01078906962105599
0.08930514863379552
0.04058091479001279
0.1204496946478185
0.06657146573694167
0.1049348380372229
-0.049294976686862
0.06963331333651748
0.003288078240422489
0.04408240855668898
-0.03466793445573688
0.004008457611747959
0.01848618854478173
0.03371140465915097
0.05750181089248513
0.0236440621949633
0.05517479858419686
0.1717809210421775
0.1231186078403341
0.01879133982792947
0.09954110880646408
0.07690792630167562
0.1833358152167903
0.08096553651051479
0.169828598853977
0.2341108572257144
0.1422039448146058
0.04883995313045094
0.09365008002061795
0.112921298657667
0.1213310563182912
0.2491435427785989
0.1176694409282775
0.1798465203109302
0.1742485989196906
0.1254700022652315
0.1227674849628978
0.07634334440883625
0.1552294091320108
0.02049770840153443
0.2244517848053726
0.1149375448842441
0.2101325022983876
0.1651249647738336
0.1057302082224238
0.1675149937965813
0.003835480328789861
0.1925990723142658
0.3989083438722146
0.09395249827900973
0.05616940057444221
0.08684808622025331
0.004996101658936681
0.1625830537494663
0.03323079710706874
0.09696052937536334
0.08978853405365635
0.1803219132692269
0.05953612878553427
0.04769080562311595
0.08858844585636379
0.08376036736283422
0.1837819346200126
0.0678687634457202
0.2079604452550544
0.1037765922714048
0.1080986979877571
0.1228210790614247
0.01327813041295803
0.1120427033764257
0.08098836809156246
0.1720831765521454
0.09306968640252203
0.07698023833934996
0.1078436987817255
0.09269678960775815
0.09186872522747278
0.02847696963855996
0.1164075022401068
0.3808963567801771
0.2171678837475105
0.1144320332169713
0.09919832662596906
0.1269988830177241
0.1953930908826474
0.09053095312272524
0.172301463143807
0.1038608392212478
0.08903123802317323
0.03205347883315084
0.1945066411813222
0.1065037686436456
0.1561288643550741
0.2585093110856708
0.1625263953867647
0.1769330907137283
0.1184315869584965
0.2505261613480746
0.2316525448051042
0.1555640240037049
0.2414768334346787
0.08961083636794223
0.2153113532328683
0.2210796287851087
0.1575016838425322
0.209003641968189
0.1641464317880199
0.1679087085739574
0.1090556713101693
0.178574616734767
0.5570881518814478
0.03473353628149348
0.01338609195738723
0.01387858826954923
0.005359285238035142
0.04472195638153083
0.02457343389520873
0.02517829265204582
0.04245755710497678
0.05053702245120072
-0.003933766308227062
0.09384675865592887
0.02809964458597651
0.04905734649610261
0.01731815696606429
0.0501732860560386
0.01170132232377654
0.02420710083590145
0.0162515889598475
0.03988193256445229
0.05283778657844901
0.07295591619351383
0.06866654065795416
0.02275942571994202
-0.05416630591677694
0.04861504459756461
0.01629007109016379
0.02310943474757098
0.03382265798082752
0.04284138397619694
0.01764435128515407
0.07700035664745755
0.06198365903103945
0.01211644521283414
0.007747097437683963
0.05455405204107522
0.1085106936859448
0.07103267613359979
0.06926546709259358
0.1545005497093665
0.1245101065875631
0.04953128668814657
0.09388580166520487
0.03393798822203061
0.1255684731373227
0.07031973261527093
0.05490946182855006
0.1445833285860919
0.106300977131704
0.1334051790192861
0.09116806834886143
0.03601011415191725
0.1570499443503598
-0.02189380252302967
0.1181057968122416
0.06544070453042142
0.09110681255296764
0.1329623676362573
0.0980320369566422
0.06338996508163176
0.1071615968203463
0.03187439186401599
0.2874001825002992
0.1654776454640593
0.0290143328846025
0.06645861829481949
0.1033525121079105
0.09942840315909283
-0.0236415542567216
0.08121694752579535
0.1447973342311809
0.1349419818148713
0.02870355130911671
0.09120135190241363
0.1559223047456564
0.05130678325458125
0.1145967359797171
0.1581536474549393
0.08696014918055293
0.1243835845218861
0.1144582004851945
0.08445417691214906
0.08103656449069548
0.06838384811008379
0.03722552817333986
0.1769004203938447
0.0927688893359143
0.0405764057412337
0.08781133978828888
0.126303945823967
0.08477809338354447
0.02586930269501397
0.1783844353970563
0.3254801456907199
0.1909950988858835
0.1101566937244661
0.2034641913911375
0.08870250488885864
0.1927760096920348
0.1081675917459799
0.1418628743066544
0.08490353050267564
0.2088311672160219
0.1513653822205095
0.151549534026807
0.1307501641492249
0.180473503596252
0.216240854518902
0.1104551615452795
0.1152725275815283
0.192315094575109
0.1277111640913927
0.2075569278868797
0.03078970244681349
0.1497274772933107
0.06949237331341498
0.1961238225071615
0.1682930718280818
0.09239163458091849
0.1361192084368958
0.1731678844508903
0.1130865016159512
0.07072342754482004
0.1960818999332326
0.432777681851356
0.103649760550017
0.06099225267625831
0.04573343017246962
0.06311553378556428
0.1374754180336217
0.0828049208739844
0.1029750391654071
0.1176327605001616
0.128032768920539
0.0794548683474845
0.1075024667283624
0.1011281218806659
0.1249449094075667
0.1275030533257641
0.1571198306877775
0.1293898248516893
0.1461824830124247
0.1177327517525379
0.1717364328771989
0.07278057607221031
0.1799154853763905
0.08458631748631476
0.2467204961512243
0.04556401184902261
0.04870222857510141
0.1521753833423761
0.0999585323430905
0.1179190178812
0.03918038233259503
0.0738669154545994
0.3638666295449982
0.09115745591499021
0.1077468336164714
0.04548236267932994
0.04494330211128925
0.1600108805568206
0.05633011971489246
0.09651614379615328
0.104089785119825
0.1815141456623257
0.09310256110179718
0.08767999009009782
0.1410092768719823
0.07405449783676953
0.1768380126772144
0.07785641298763352
0.09723163019618378
0.204727809443708
0.2014515620027405
0.1676286636256673
0.06243535359537473
0.2078815255426316
0.03999647284164506
0.1963484988611085
0.107211394188844
0.07240290600879097
0.1337628105492428
0.1487425704208623
0.1228666449507491
0.1319774706874016
0.1070693860065365
0.3453010761720959
0.09736251007349606
0.02962631566126984
0.008639203733709732
0.0008933825041123135
0.06383673038739721
0.05165547625809244
0.04865392766529026
0.08389538132812356
0.08588331946649116
0.04170627336954347
0.04427407280878908
0.1145216679428664
0.07495180453279095
0.1108530539299319
0.06885519041139039
-0.005934764073378182
0.05761024394008266
0.02651583414158368
0.0194036015644739
-0.000620023124897297
0.04202843302957482
0.02379245962995216
0.09921420472855512
0.03499344613030211
0.07367852406633386
0.04117391775507562
0.04464261365532744
0.06366592995061511
0.04778502258680933
0.01000289718870946
0.1349000015865551
0.07116572793702471
-0.009018144242144014
-0.02488085777026341
0.06438695950188057
0.1016471056156643
-0.04335133252176514
0.02368373189109336
0.1306641261189364
0.09007814108483375
-0.0007293197495278782
-0.03583229680664127
0.0429437540373927
0.04584510010026519
0.0513914712310468
0.005507846236468905
0.08883749800401232
0.1147620961720425
0.1323272930062762
0.07270988139649358
-0.04827118686927703
0.07545319541561001
0.0244436163483768
0.06659419629763176
0.01838331419399563
0.09024711676037193
0.03674165321287451
0.04857713455272859
0.09426434840857177
-0.03354685923059251
0.009110534880194894
0.1198855313708341
0.1939810070023859
0.1735274393609891
0.2224071909039862
0.0999721316310153
0.230054300868847
0.1056274980533679
0.2035671825833646
0.2039662463064544
0.255356932609878
0.1199228999074048
0.2837976084105389
0.1928530014475753
0.1375271565616988
0.2322686562815035
0.1340091608873989
0.1677256971446773
0.1916888047133829
0.1787577395342493
0.2092468333300062
0.2005976967637898
0.226180763277418
0.2250516191875178
0.3125809758700974
0.1445527535830004
0.1885631736413158
0.2501578333065919
0.1712695685406406
0.1323013576788037
0.1267454734577592
0.2129549367357244
0.6576655085730742
0.175041400141274
0.05603888882808319
0.1292762172305243
0.05838334122315798
0.22063832337339
0.08251167395570885
0.1040703670163494
0.1551689132284669
0.1629576295550677
0.01000566645768923
0.1869539482047749
0.1147670496350942
0.1380994382295405
0.1318840124167982
0.06814006479378674
0.1076813942144113
0.1569598889081739
0.1355727519160815
0.2087180713527455
0.1018804732056363
0.1539671085790967
0.1446359878336887
0.1580221285849776
0.1222677460643777
0.07496078368476954
0.06295085763990835
0.09207594478650791
0.07505783196272772
0.1655049727972582
0.1659055386706373
0.4405664213828456
0.1414198715045428
0.07751537788424778
0.081893606767071
0.08140451316331235
0.1798671690202892
0.0640606922589344
0.118724698881044
0.1489404367803187
0.2032652718691366
0.06415247190084433
0.1495024215955855
0.04887603832627578
0.08346695633962811
0.1548280323844708
0.09821282064477127
0.1498980561149339
0.1976915571613996
0.1200534399771179
0.1206936970988499
0.08263934209703573
0.2026514022746272
0.07207405311725466
0.1778002447796841
0.1638942997734466
0.01024702118765048
0.1042020494068798
0.07253024306522327
0.1354595035979535
0.09746958511691572
0.1310879255933123
0.367633984340908
0.1897465518397289
0.1243044507938822
0.1673404703973349
0.08104413775202958
0.2682487873276603
0.113943977445587
0.1764500374894269
0.1743310753375856
0.2509952945847573
0.1039230128028777
0.1814452753179975
0.1305920676941899
0.1901422473134005
0.1968830118621034
0.1345604799157381
0.158606925789729
0.1942334162726
0.1534587853525256
0.198007003045072
0.1247864857244809
0.1955793749008246
0.007481902749682773
0.233569444755147
0.07878423213654008
0.1796866836574472
0.2189596435827516
0.1564336237035121
0.1748834947836731
0.1700804552649479
0.1962468264837706
0.5695515831753732
0.05492892323002029
0.07440139277729974
0.1105049932827934
0.0899826697952414
0.2519600043206344
0.01941424454398587
0.06215372431479343
0.1514831218695259
0.1770759671827089
-0.006981588075447951
0.1363559693059598
0.03942239130647905
0.1003785948570132
0.06443043579398582
0.07627602005126778
0.1388792062318139
0.2348690416547521
0.06439575007660826
0.1669447172145534
0.1244098547215621
0.1907684477302497
-0.01526026409431374
0.2654891984719854
0.04614972166924107
0.09540738524334029
0.1336341977007974
0.1266569190355575
0.1367615268157573
0.04374602518842194
0.0176791230718516
0.3767860048972938
0.08188696752060225
-0.0302945917735557
-0.02101738299577716
0.04213287290041423
0.06930822423460409
0.01949739634717714
0.0186363639054364
0.09886709926829908
0.06983072313332146
-0.01407126060459959
0.07221294520138355
0.1190262678822941
0.04169219143866685
0.01270403162396292
0.08576126705823527
0.1030512611452846
0.1127635964817576
-0.01908415958647365
0.1150033684240421
-0.03243252313090139
0.07993945909934974
0.02247814854605634
0.09842573227079089
0.004035778624003774
0.05754442735508393
0.07547799990265619
0.09617079078021366
0.09994846693738675
0.03953022043316688
0.070317366926287
0.194862811640245
0.1375915939262956
0.1089190374137616
0.05762083074204152
0.0960665404428494
0.2141061968715262
-0.003549703429244361
0.03291910348030099
0.1287913694933678
0.1370489120341976
0.05267657613175764
0.1664888494760957
0.1615493329891619
0.06909053243460432
0.1757023874629822
0.07654571911221449
0.0395450863291131
0.11514038081737
0.2238985323327838
0.1723231267596393
0.09041069308334114
0.2075563118970115
0.08706294627110389
0.2403816890512968
0.1294371701870929
0.09393027582704438
0.1915532180772467
0.1672434996665491
0.1747900311717726
0.05783117821973172
0.1134232684891317
0.4121422501773724
-0.02743557672159561
-0.004133137134052061
-0.06751741376110101
-0.06782247478617708
-0.0396541114998704
-0.03972976207143947
-0.03092356953377726
0.006221992340177403
-0.006887513807987976
0.0168433533547249
-0.07471803701011548
-0.03171158287714756
-0.07425894902610561
-0.07102691378108847
0.04075668179175608
-0.06286186249228259
-0.09427344739322857
-0.05923861051665873
-0.07280720387320634
0.00391438167634895
-0.04785330440102695
-0.03200326495294269
0.002723744521939582
-0.05384197544876416
-0.03824049474148435
-0.0185738747878366
-0.0461478614510481
-0.0481117631522042
0.03405929804216966
-0.09535207290427364
-0.1331369427769088
0.134879059282113
0.1032097546067915
0.01989826380197337
0.07731322355139938
0.1653877729969498
0.04927127315965139
0.08096810724661356
0.1287013307314007
0.1259453712009168
0.009362107221987688
0.05816179140965584
0.06308652489157546
0.07602355165628963
0.123894439771055
0.06538802506475541
0.1039562316299224
0.08749654600927505
0.08171932008140169
0.1292042403068805
0.07038038908376322
0.09872345441860439
0.02333923251127018
0.1439372457606397
0.0843376703870527
0.1285122299702345
0.1485673834854947
0.1115327403300939
0.06136739887665434
0.07053180124672426
0.05741502834564605
0.2524743407644194
0.1171760518337658
0.06912356198469316
-0.007509395589983391
0.05310972439192439
0.1362093141712829
0.07296305414832358
-0.02444146261053562
0.1373184222350304
0.1249282957961555
0.05573848596445988
0.1393954051210457
0.07109993738071563
0.09745717756437976
0.1092190435832021
0.1397369026671984
0.1103084862428933
0.1536744018108008
0.09286626026297527
0.06574374953148546
0.03175984649454042
0.1159010833717661
0.020513885043455
0.2481715658464097
-0.006945655066529932
0.05166775132705238
0.09556972167658259
0.08732599036448485
0.1237494457238231
0.02508370144737913
0.05151220274363206
0.2685205676167609
0.1087767132158922
0.1389383608833478
0.0786413726527322
0.06605476367187936
0.1884545689570302
0.118473906336725
0.1323817136368285
0.162818535858804
0.1494648122578126
0.0171916725269939
0.1441087310392345
0.1046878867820247
0.09096157290960682
0.1513183123312535
0.1472936976563759
0.1303293873700221
0.2381118751373314
0.119273867711115
0.2013498689806852
0.06653011472609989
0.1053760155122903
0.07039564803017337
0.2239248436202165
0.1011013265943967
0.131248202422039
0.1311861752600985
0.1299847493117298
0.1224313715145323
0.1402992870900188
0.06148392149346423
0.3684213366408625
0.05012731692583722
0.04457360809405144
-0.009543845591603642
0.04345234367371854
0.1301407079217237
-0.00103497886588093
0.05384583126662106
0.1576314939846332
0.142008262369138
-0.06050453460485192
0.09856647138342291
0.09189589431466741
0.06730136767210003
0.02019871967335024
0.1150682253303961
0.07641850741490785
0.1072620031905754
0.1398216070065377
0.1137958746425181
0.07786597747682016
0.1295675258623038
-0.01012470158895068
0.2225514251124298
0.05045761486276928
0.04997216779896531
0.08499591356470682
0.1478233978474735
0.0437978462045124
0.02789715239819138
0.05806162887616954
0.2369936097318469
0.07186759957189764
0.03357421470688895
0.04369017377176777
-0.0006741548517749477
0.08622160910067889
0.02406866662226859
0.03841929176856958
0.05504614891033669
0.0852550319189085
0.006656101026176376
0.06530667825775596
0.1072226125529723
0.0694194530780451
0.03405672632094724
0.02376723936161418
0.007522902295723602
0.1449871642159603
0.05208718395946269
0.05616426493732218
0.04460565432767927
0.1014956484421082
0.06127908533967057
0.1610354329118011
-0.05389465973192752
0.08439301474297507
0.1498074960514913
0.08942445192361172
0.04486253038004255
0.06021445042425336
0.1044460236474319
0.2001819374573144
0.2431304056512823
0.1583483631472978
0.2372121233425245
0.1796669088122581
0.2319002855295248
0.1676297228036242
0.2330425207745392
0.1417176207946917
0.2023038010972316
0.08635716722695724
0.234435935072335
0.1625034351422107
0.1886288636479664
0.1875692306286441
0.1481122918586787
0.174552141354195
0.1841805947276084
0.2058466218512573
0.2664826603878092
0.2423962996567701
0.2103898556414788
0.1526521362452755
0.2970257481056974
0.201379021862913
0.1865317741432193
0.2299338977875112
0.09732587538131106
0.1859842646657779
0.2502330511660985
0.3037699212378699
0.6784421431293446
0.1949531829617102
0.1013122536945888
0.09388816570541583
0.0904595497417654
0.2147535537556931
0.05182742710418993
0.05800980792129457
0.1447313081043278
0.149529531526171
0.08234959755148519
0.11910316793753
0.1505457946458139
0.1261185133380169
0.1751652268213252
0.1719003263086489
0.1388388609923316
0.2132843687383622
0.204560853189179
0.1184643181512023
0.07002414371100062
0.2669328720086216
0.1130408971486378
0.2215297504694765
0.09403068691842102
0.1742483048857436
0.2131698662375045
0.1378935003868723
0.06965226723547914
0.08108446868426868
0.1096242080859739
0.4581494585355789
0.1421238958075824
0.05818786428712204
0.05295815222282722
0.05808988751085976
0.1435072966264032
0.05652813341712575
0.0880991591177422
0.1479373118666532
0.1422112594181387
-0.003929911890256869
0.02305637797946617
0.126913791150349
0.1415588457065283
0.06843737199515092
0.08834531668325124
0.1028566757177878
0.1286131359927763
0.1038232977791725
0.1009867828313889
0.02317992578644221
0.02905195989279217
0.02703835134657828
0.1533699399782777
0.06523997197612962
0.08547129472249825
0.1057565442758523
0.0972010124280733
0.05670216870267247
0.06757658192550534
0.07493717764385854
0.2714396898475804
0.177455902234524
-0.004009296093652393
0.1230990254242205
0.03785971773690389
0.18172982425701
0.04004125785838411
0.013037111665102
0.1113864777151557
0.1730895350611892
0.03293227609603245
0.1189544112712414
0.1366647751836431
0.07429602283613893
0.114475890248499
0.121052948077775
0.0667856804152526
0.1221085515061189
0.1563772860182519
0.128698771018765
0.00343795129997221
0.1231726478871172
0.05912413023611261
0.1340405312659833
0.01497774828936965
0.07652999855811046
0.1161360660899414
0.1300021801675164
0.1147691210079102
0.03293915926135512
0.1152880025305403
0.3102234288644793
0.14399317965482
0.06724264408481284
0.2363127861849399
0.072829663907384
0.2916009818347908
0.1281152312398074
0.1252494682905254
0.105943303152313
0.1875044165522015
0.1413945735809849
0.1418451313545072
0.1574030296742703
0.122540547796288
0.1446695972559944
0.08176809767054781
0.1726416880231985
0.1428538016823001
0.1860807472254719
0.1128018091413772
0.1147877241688673
0.06878817041242556
0.1368146200010709
0.3105257474776997
0.1089389927821038
0.1641651493487501
0.2352182550243414
0.1752445699572973
0.1702565314331179
0.09793933141471202
0.1845289578800476
0.5038524079272482
0.09592903568182792
0.006740191737112595
-0.005310011824844453
0.07327313181080199
0.1455234953806862
-0.02238633914682514
-0.004895842903903322
0.1207069034143136
0.1370290361499228
0.0620137164087057
0.1075289130635809
0.04767447556764874
0.2019593125494956
0.1560450160592994
0.1275716806868594
0.00881276389298247
0.08543981859858313
0.02557200742197528
0.08311641355424081
0.06446394458717852
0.1031706533525191
0.04821749396010275
0.1631870047212297
0.02147649776176929
0.08248059941486499
0.0170610241419798
-0.01928398389194211
0.09755879861337739
-0.02339860817370207
0.07561686065279524
0.2749033672158749
0.0577930037178151
0.05606344597978494
0.0619271942161749
0.04063001928235729
0.1026483425704991
0.01988262891624774
0.04579208603001491
0.1045433501545402
0.1491547647437068
0.04976643193597287
0.1230553678348389
0.09471638887049189
0.09241596162445589
0.08962407483741654
0.05906511796821738
0.0900926090428905
0.06902940642274841
0.09873239765250492
0.167476936952848
0.08838652533660425
0.1211551077178839
0.1205012626831082
0.07785788573528027
0.03635470579356725
0.06423926229316859
0.05464614010172795
0.1146599045998207
0.1379049121520012
0.01312908842544044
0.1405167119251914
0.2628170532628228
0.08055740073106273
-0.04398138974435336
0.02218325735617383
-0.005152728321007121
0.01024516661379722
-0.001724202119197323
-0.04636914746370603
0.08292970127423005
0.007419428299775187
-0.0957739076236267
0.04188649193123394
0.0266504660721542
0.01224408121328471
0.07298743378787921
-0.00323997993577347
0.02461524957299745
0.02202736360709869
0.01719398458988327
0.03024770262153775
0.01094831684187782
0.04955354439469355
-0.006389777650648394
0.1369537060276591
-0.02007725034541661
-0.01089624562805713
0.02574964713150125
-0.02850031263149761
0.06962853616000593
-0.02734071460470506
-0.002944116064432429
0.05648962648155764
-0.01053464298786058
-0.06285116284476505
-0.01565392195689492
-0.07471109524537325
-0.008110774168189564
-0.06010735891788153
-0.02018474554957676
-0.03338884972104089
-0.00597078173559597
-0.07319813613009923
0.01079303295407603
0.007704215507182718
-0.001661954459205595
-0.009343046353803636
-0.0266263071460952
-0.01415180366755423
-0.0006696874908122198
-0.009973639308695227
-0.01305780851977519
-0.0276035258344491
-0.02103436128541963
-0.0007175373976910865
-0.06640032676599293
-0.04811818590603416
0.04806924616120076
-0.04461083035489744
-0.005528782911163047
-0.02151423183789419
-0.04784321029361297
-0.02286353720242669
-0.0645460414998253
0.1059289208328251
0.04859506281057351
0.02511364582757121
0.1004895605902304
0.1292325168692151
0.09369837208266993
0.07004174394532753
0.09850181479961251
0.1371106518625169
0.02135279923537228
0.2149134946873969
0.1132708380528574
0.1297353793453362
0.1136476038180551
0.05471660225046055
0.07854587631169058
0.05969536505296763
0.1810269509307018
0.2343822615460469
0.03319688806499222
0.1036821352906221
0.09700405985296287
0.2542290035492445
0.0760388096714404
0.06304925097607741
0.1521496951940819
0.02857030204468547
0.07069128407736566
0.06219970480424565
0.1505299517868501
0.3786877437153194
0.09700264617679523
0.06324965169713906
0.02281443357853999
0.01902903227514717
0.06384211083202798
0.05664898882391978
0.01024272713399247
0.1044576654814988
0.02036471110747216
0.01579582101316091
0.1681298689418874
0.1053992370864172
0.08983407332292734
0.1361192760585077
0.1248931674504074
0.09723129467539701
0.02588991180779549
0.1255670060422068
0.08280939757040887
0.07061487461303216
0.1099307420095215
0.02753482822933145
0.1394755478055016
0.05652313686671763
0.07687441591807577
0.02993684765554066
0.04869862437352403
0.06092384163976842
0.1113994484053837
0.06469937291418845
0.2491656746143923
0.1459102750807142
0.1512406122932042
0.02438797831563955
0.1402189278593874
0.1932851939459393
0.1098577322408465
0.06373970530090191
0.1402558275612194
0.2177672408217935
0.05715179498905316
0.1230297418548673
0.0955924567436094
0.1735482850033496
0.1840737861950126
0.1898432410429317
0.1782445304208803
0.199071943415732
0.1442319450298213
0.08897231908948856
0.07727096958964162
0.189339004817333
0.00232237427671815
0.236901350656231
0.05997869229171301
0.1575712046929467
0.1189494767392077
0.2099102959826414
0.09816611154472685
0.04929025026691576
0.145880702575852
0.3723017879445387
0.1074214116867162
0.01093238039854281
0.05529778942820642
0.05161641284601665
0.0867301987809263
0.01360954004461364
0.07632627294381061
0.145077242897778
0.07494390815509103
0.006002989832013437
0.08741119074799618
0.03189521903909307
0.006804176357164708
0.08266475726906307
0.03321352679114566
0.0590620774145731
0.07387878183944879
0.1042179343760763
0.06330706149181639
0.01632278719209277
0.08584583920346464
0.01537418044159141
0.08833318520785445
0.01421921583732583
0.06287996914179086
0.08901860757756123
0.08809207020220723
0.03515680411502617
0.03097446979513757
0.0399127099842243
0.2033452181198868
0.08770088627152137
-0.04664520410024808
0.008264109251379645
0.03148412142580544
0.08077392818844027
0.03250662422723911
0.01253106932479267
0.08051624465697135
0.1078853381295726
0.04789799603555044
0.091910235224583
0.09161949139372531
-0.02315953362498465
0.08770106597211375
0.0270079131498649
0.000951623621101078
0.1328427791387324
0.06611399289636496
0.1049217480075652
-0.07296197830110188
0.1208940463096331
0.03101142652259835
0.1602518800447983
0.03299273565762613
0.07868581572225997
0.09648454361886474
0.08717193862472575
0.0620508625785194
0.04084271721835465
0.03987496748479431
0.2062159647506842
0.1444373841295655
0.1176255776456805
0.1374003699481373
0.1093253704214577
0.1737387886376422
0.05544135766377845
0.1380758181596288
0.2006217473734042
0.07527873575843382
0.1386765314702071
0.1335855199430532
0.1881915824764786
0.09355522376365165
0.1976936489633847
0.1192981559774253
0.1663156220147297
0.1560056173403586
0.1296364391475481
0.2404324138069616
0.0634306966941912
0.1698857411742039
0.0938674753677249
0.269668598266238
0.1161197646624371
0.1593068879437571
0.1204355897504887
0.1399643551526852
0.1760210579991914
0.1095314757372414
0.1517394364826619
0.509277844806979
0.2004666535713381
0.246765484219879
0.2151499692661312
0.1713873298954411
0.2856732228683311
0.241916131801836
0.2784686694708873
0.2185105563819562
0.2249198863101849
0.1947819115697817
0.1985396638118986
0.1940269850852131
0.1678798156494373
0.3254773822078014
0.1849836941260697
0.2649331587923348
0.2034949525336047
0.3569612468352736
0.3189551709395312
0.2317686843197095
0.2340611687320334
0.1631750327958531
0.186343949118095
0.2377397268004451
0.2493196785690099
0.2792936959096842
0.160498418944327
0.2324727506423022
0.1720502908294103
0.3027188656798312
0.7989100629218795
0.2184372027838225
0.1858529804182899
0.18158988764574
0.0768726093115407
0.2787890774883043
0.1855828467354007
0.1181276026259224
0.145141518837765
0.1818505144890741
0.1885705408916504
0.1190305862921893
0.2255367757555466
0.1829008258427502
0.2053680840993763
0.2276503082119884
0.1532765453787817
0.3096001366375628
0.1927042107928606
0.1918847276967371
0.1992650848225298
0.1573342724299866
0.2075261998962159
0.3326618362672271
0.1767180336040177
0.1393788023752038
0.2173941961965231
0.1403130452318078
0.2019740882800793
0.1712380495997311
0.225836080645318
0.6079866900095474
0.152566797875555
0.1267464026951485
0.110869034075862
0.100768836441354
0.2215721069668993
0.1174675289672481
0.1093204581820714
0.2124276343461376
0.1997523281406913
0.06339938335025048
0.156102181055953
0.2083866272934021
0.1424615268947236
0.1976867403208005
0.2141452119910986
0.2053724399239228
0.203008858090987
0.2911402041186334
0.2042463727612144
0.1739693763653378
0.1555082290754176
0.1033343457927502
0.1810466425784036
0.1306767424301153
0.09571736572492286
0.1190180039139783
0.1592277606764993
0.1519411174341523
0.1352302105521049
0.10222309985304
0.5622366654263513
0.1117994645995497
0.04495328599607631
0.04993029617510634
0.009878546913161382
0.1799190940554173
0.1098876386373722
0.1115058693667371
0.1322579295253876
0.1644437418233896
-0.02272589858149615
0.1534557029368419
0.1350671417214055
0.1421892609552938
0.1683199549406814
0.0487559505611599
0.1820360472279262
0.1744942989548368
0.1597248043369338
0.1996014011563311
0.1524101068460547
0.08565003061121465
0.09805350433938749
0.2773353082068623
0.1839816166479335
0.1974599457692328
0.007431983921818945
0.157355066068573
0.08845887275267324
0.1692242036331298
0.08152196313626658
0.4604928463782381
0.1181898298874305
0.02383451771160854
0.06490177820877653
0.005214032192053227
0.09952251698023119
0.04113916624150321
0.1050723382552228
0.09774147533566553
0.1367829203894137
0.06724049329008308
0.08957736037653326
0.08111749297799635
0.1209415701125114
0.1190730988242871
0.1401543378884816
0.1060056217057642
0.08477186355572945
0.1077751549846771
0.1854665973699277
0.03697331044938802
0.1357351882449316
0.04367705812461488
0.1763474965469174
0.01614183906830368
0.1397517275847586
0.1001568128150588
0.1256114138597597
0.07344685577368658
0.07290089246066088
0.1447279754023334
0.2890362365480414
0.1159116975135024
0.1562143952790947
0.1488879930565176
0.09477208713656182
0.1901558724037459
0.133561521112785
0.1589814724640904
0.210621023000079
0.1167166726895274
0.1125685738685634
0.2085042305077574
0.2246753137001463
0.1389678212075907
0.2256363031266594
0.1382182433541419
0.1949698204550717
0.1655952591514123
0.1775360730260737
0.2707010248653235
0.05585931559213643
0.1454690097667895
0.01580393864373993
0.2699664513021613
0.1569157183441139
0.1165386378588019
0.1108821422410923
0.1304724080745342
0.08883404555440773
0.02997595347082203
0.1401402053146938
0.5186136300423371
0.03997241686751351
0.06260016548920497
-0.02557816120431838
0.03944203594952125
0.06071258499789649
-0.00451575646135356
0.03748231509163745
0.0720783500793063
0.0553900360833489
-0.01747442970469563
0.03193403601133717
0.007730730718541123
0.05784196547929386
0.05122040213350151
0.07801965636801406
0.06939542922408461
0.05570503227372909
0.03382920416419596
0.05176533928276621
0.01533127632199901
0.07116543325340566
-0.01113928658969482
0.1115497727901971
-0.004201879360535661
0.0210512220191058
0.1132146336822002
0.09427480134349711
0.01818434965194518
0.02065915452386253
0.05257635592117774
0.1510176386076527
0.210406100531609
0.1191207924033302
0.1733848177287595
0.1765824096441679
0.2440334267965399
0.1073912819244192
0.2014528089788039
0.1639284740233065
0.1452334334648106
0.1059206174769847
0.2041037083830705
0.1843681605588032
0.1965294299671094
0.3006019110438238
0.1835163776866974
0.2688202343507148
0.2336077864665995
0.2552256238103026
0.2708621552601631
0.2559434429587607
0.2273989413742167
0.1498421147643604
0.2555006431762346
0.2104254606549902
0.08615721862385801
0.2594702908108799
0.1255487736943711
0.21520802661042
0.1241054149614718
0.2308540035205392
0.6284306818847568
0.04033698685201991
0.03622005290084945
-0.02156850459874545
0.03796164133468723
0.07326391159844185
0.05477066829364892
0.06010588092069157
0.07229670214013287
0.04670474512327093
-0.0002544438276511831
0.03334920212124216
0.1080201237216143
0.02140619649256425
0.04987833206880504
0.09494239787818234
0.01489404513264712
0.005540647688254029
0.05433964505273765
0.03621331632842929
0.05684999692207811
0.04503797473403537
0.05990409054547982
0.17108001058157
0.02527284197636237
0.03447150802178731
0.06082445157977834
0.05848524252099652
0.07495774149671215
-0.02165857286326784
0.01496298672099996
0.1525627558412697
0.2178293496218268
0.1477868126173355
0.1299266431482155
0.0679123232421498
0.2610461936145125
0.1048118817811292
0.1053253363059387
0.1416931988099898
0.1870096802444634
0.05570287472885292
0.1028129908820428
0.09195299679108078
0.1436896894716198
0.1922558204189991
0.2110663409324173
0.1435459740397121
0.1602803086390715
0.2491412521139382
0.1754459392584359
0.07787562391017465
0.1631757705448003
0.08226493006779829
0.1538517802190421
0.02636561650951206
0.1189867590451283
0.1738960424576208
0.1203993340581449
0.1185181645644948
0.108825883533115
0.1963872389458096
0.4594288123621451
0.2436545535441254
0.6168943651138503
0.3241169565318755
0.4472471576325664
0.131589589387916
0.3221344494058834
0.2076341634615884
0.4971280063569368
0.4210376262319356
0.4609236888275555
0.3082129207216183
0.04395690441271662
0.5221328113892402
0.2834913454436452
0.310926479656154
0.353254458473069
0.3559496590295425
0.3530020466458287
0.3592752282289807
0.02992053194414293
-0.08745003254604491
0.3225182009879924
0.5324821269641512
0.2289013804632462
0.2338435714987763
0.5212366877132419
0.5071707174032286
0.3395110071526956
0.3426863033422959
0.5503652517957252
0.1859163374236363
0.32541027220562
0.3400270278057778
0.1362721077910762
0.4949230849001118
0.4193388049508204
0.4536112473534438
0.1549871983566402
0.3832022350221193
0.4421872859141344
0.7710373834615291
0.7711274646778462
0.5429806316125312
0.440270267267068
0.2998740231302532
0.3582998489350456
0.1376583220650876
0.5039177912201086
0.3609179670168394
0.383817110191645
1.14587859060069
0.1245456650984124
0.4134295330780406
0.43919653942744
0.5936911991895462
0.1535576004806419
0.2034826386357015
0.3709504892496614
0.1300140150451995
0.3913183699295271
0.07264814156436046
0.2160692380786338
0.2240935973219753
0.4999732485497878
0.3542186466751803
0.1790479749082178
0.5636573517364902
0.3589025314780376
0.2933187928131681
0.2386819289882784
0.1192834424768083
0.04820965182202379
0.2022794067954563
0.1628606986332191
0.1944944786057414
0.1822887747659525
0.7053782935849982
0.4437034895013897
0.06381304083967156
0.3922435124862336
0.3248031346572873
0.1825511353435537
0.3063308482248221
0.0468133814969405
0.2207782403870251
0.46454084854086
0.3359833244155364
0.4704766612851257
0.1567313696093466
0.07939522340818193
0.5370143134309282
0.652095560166057
0.4669714473780667
0.3339542500586372
0.4028577317826332
0.3318723452791575
0.6228740246355421
0.2439480423356654
0.4493048675385661
0.2052311144479701
0.4076531817577204
1.183812151768362
0.1203778670212497
0.4889319729366602
0.5037906476793339
0.6552260916867269
0.25774185298561
0.389071133616736
0.1365863861309441
0.2139422612331572
0.4303720238537769
0.1171669664397462
0.2357702284478008
0.2390743612588488
0.5146782414761059
0.4718674006941272
0.1908800369431523
0.2523095561679021
0.2882859535235696
0.280172401685388
0.4445178774298114
0.1216918742925556
0.2562508158649512
0.0722694394859245
0.4480570926936751
0.4494307412631013
0.02211267277370403
0.6132881170701956
0.5293651764855754
0.2508744048575135
0.4352350908365807
0.4868920205567135
0.228429690703912
0.5190940067543243
0.03553417592123487
0.2521799177239083
0.1806207555248491
0.4394120922072361
0.1005151559105687
0.3869042129795478
0.4147606160584664
0.3073144751507272
0.7457585978973988
0.5424558437197947
0.2853114899527046
0.5818280093905132
0.2097169818814716
0.339581819615876
0.3036071303435864
0.561096680229433
0.2201719877710167
0.2427683697035196
1.013347730995619
0.1736236167315018
0.4301386436862509
0.2128356166515694
0.4723605140698129
0.09162240298265452
0.3589061736395878
0.288069478384282
0.334643585414888
0.1401341565724916
0.2758056330808817
0.2369188914669814
0.3510907515648958
0.6310651732276521
0.3663436813801982
0.09858080385080401
0.476686075996867
0.2857837504245577
0.06656785147191989
0.5111333091527492
0.0107252570529278
0.3935041255000056
0.04013106265381301
0.2434760276449476
0.257459022029057
0.3822820429396381
0.5670288137858478
0.4266438826723852
0.3038678848194085
0.2043887474721396
0.4972880892093999
0.2375042662185132
0.196305765568959
0.1137827603281755
0.1284283836199509
0.4383818195869479
0.2067067739426349
0.4248211159004121
0.1729685922032602
0.2985335061906781
0.4851026575131652
0.7915439730887645
0.3653963673447754
0.5917709256516596
0.4605053268746935
0.4200657375418912
0.4368086349745417
0.009666021358185619
0.7050000731846753
-0.03400417753477725
0.1571051521774679
1.076251107905884
0.1213362044827009
0.2703636153533954
0.2810730057803911
0.4836784330775014
0.03907062430446706
0.1874006477654052
0.3124499409011
0.5025581345055488
0.2460833765851508
0.3794961493087697
0.2069531793713566
0.148909184604648
0.5283557814871884
0.2764770001024431
0.131340615224867
0.5068790778057223
0.1977066298216029
0.2328118598001472
0.1999047852842425
0.09833146174973784
0.302498999845566
0.06259681232374183
0.2416249899413931
0.1067320210071578
0.1081064381586156
0.4993810201641781
0.1698646515233742
0.3142405735917858
0.1841107741953346
0.3004661569425848
0.3231845028083154
0.2364304630732922
0.2387451353182715
0.127805783867296
0.2418414626098294
0.3182209389151848
0.1214587897357353
0.4409263756387037
0.1681768126344318
0.3789539385005718
0.6231405909453289
0.5315008353246113
0.303555238849828
0.1796363512034395
0.2600360720783644
0.1694735517500252
0.0845039684038998
0.4745943624917003
0.2420011948461277
0.1973533433500724
1.112193319973878
0.1932836890118801
0.4711015901115274
0.4788315497886635
0.4439611541762035
0.06699139738366741
0.3567137034591273
0.4131862936981333
0.3930779079353451
0.3019250101010762
0.5422939232120196
0.3079915879056807
0.1903431636425517
0.6413016560275525
0.3542405564048535
0.3540835822481731
0.5293088801685206
0.321173233237262
0.1465143657312455
0.3420600519906354
-0.1194980467488291
0.09375367022956245
0.1830270882711794
0.2415105102104074
0.3259597040328073
0.2221952100800184
0.4181916006156023
0.2963008501450702
0.3252719518260622
0.3461222827455556
0.3716437587497614
0.4247466355655326
0.4495030046167615
0.1839579280342514
0.1444041582229605
0.3164616535543076
0.2766196367240848
0.3150516035905953
0.3851345264623539
0.1103458806761596
0.2811915036145159
0.7747444090890394
0.2381661678125581
0.527921399858831
0.3645676190930951
0.3287458886185402
0.309497288561571
0.1330548343239019
0.7769648677248899
0.1642199105921606
0.4708846611215851
1.219093987183711
0.2809172541316622
0.3292545585875055
0.4065358191502634
0.4771447494671862
0.2194963563763422
0.211952501885931
0.2581869060069706
0.3872749688350476
0.245824413299576
0.3721309020911864
0.2258622008132916
0.3655018657027389
0.5983516378800313
0.4107945909659168
0.3144557359487272
0.435628060549378
0.373392417074048
0.2472289955550428
0.494966475327593
-0.09584024525123121
0.2691705480430347
0.1893299322135772
0.2663114318215407
0.3230151678146385
0.1622793201611356
0.5380894853712435
0.3782123612771499
0.3652443053075407
0.3076945069194293
0.3865353881032967
0.3319603832685208
0.3258342865829124
0.2705465060479358
0.1325971108550309
0.4505467962641631
0.5187752627588236
0.4813302738124048
0.2493841997825073
0.1824133508970168
0.3457976928522897
0.4552960312328221
0.523905132123364
0.5954824928758573
0.5167360249956886
0.3256335543721866
0.4900330464027213
0.02766827329709063
0.462630953459925
0.3010079872141799
0.4108642948652568
1.255218028358897
0.2134249752171043
0.3424922375251145
0.3357043576563691
0.5439049686510256
0.09208822281680278
0.4427764314993891
0.4234398663167531
0.4258187195951105
0.4053649794012707
0.1807851795452483
0.204379858109175
0.2677206019880091
0.4492962139413624
0.3710496469519768
0.3060603486050344
0.4468695152851182
0.3102267138141435
0.2345611958157499
0.4313425096903772
0.05505440523534205
0.297685750531161
0.347877641517822
0.3197197360930768
0.3564248695357999
0.1940866952645756
0.4644050473449658
0.3363207495515725
0.375726589109685
0.3800872017592895
0.4571350807918558
0.4045888062342901
0.3189114500901287
0.2738670083715438
0.2894882740480861
0.1627298841506491
0.2913150314773483
0.513456349634248
0.2417040968330365
0.2686953948550401
0.5264792705312187
0.7000811761576836
0.5539263935298777
0.337259567686818
0.2875097051168077
0.2591073543604463
0.3323300073932783
0.1804283653131734
0.4498780841858854
0.2863172424731543
0.3837457562655524
1.326377862354602
0.2841899218874108
0.3793727250113345
0.2837804523973266
0.08388459962685611
0.005439133736381321
0.3178721971674114
0.3215554825647079
0.2713578391081704
0.2996387504876064
0.3960017262572663
0.02857587608176043
0.1246820439265643
0.700755445781159
0.2375118286765839
0.3194352930840675
0.3907459576627267
0.02908891578746158
0.1857606545809867
0.3806118732394474
0.08109945423988214
0.1766208819377013
0.1245342460119596
0.1380303457817755
0.002794407592385308
0.4533448559434143
0.2952427559193654
0.1223047956217372
-0.05411677032812063
0.3328591840462975
0.3255350457784202
0.0751314056346243
0.1738364156664867
-0.03877363116759124
0.100549018068631
0.1722113608855192
-0.01160797212373762
0.3268180757265011
0.3398669991266736
0.2340932306848862
0.2749234520346356
0.6796527949774225
0.2993686604037056
0.5456299822125604
0.1556846090444783
0.2897538455308368
0.1076820374959925
0.1721335518813774
0.1722580251153232
0.0606632006984987
0.2085776354769009
0.9076793499354093
0.2044438203619871
0.4086308754924993
0.2821408601813616
0.3560206197684343
0.2299142434284513
0.3379395019373784
0.4327498508148285
0.4136768504320657
0.3817132743772816
0.2692429395063846
0.2623088531253061
0.1581940135763737
0.5860055671077903
0.3912082994982427
0.4270150438925049
0.5638614792237655
0.3960844387174872
0.2813328582212977
0.3693169636283416
0.129887347650178
0.3701884573585481
0.1885262086918562
0.2981201415895972
0.2850779119224626
0.3057849892172034
0.5809564144460654
0.3020321014686109
0.2299711123826934
0.2009450538941867
0.5215991915020717
0.1262022616281021
0.2681028939752733
0.2541152638948554
0.006191834836691014
0.3571873118482382
0.3918134548291202
0.3443866036503817
0.2020320355695293
0.1945525402405471
0.5280892502798108
0.6149213451005288
0.4828621694679138
0.2554352492418249
0.3882953436417313
0.323979733306114
0.5429812581198973
0.225395233830235
0.4444518994500646
0.1546092219523643
0.3971751616138658
1.300676561764241
0.2639151804839793
0.3252069951061556
0.3384498813233884
0.3686420399806221
-0.140701423712521
0.3268315236884539
0.3687995278684414
0.3617721327429805
0.3884448729185604
0.4698540772735635
0.06769293518439996
0.2430191763869216
0.6709255282678207
0.3893124412188651
0.1494372024596821
0.4956279869763094
0.4502387436466958
0.3083918444306163
0.528113682666857
-0.04640749668801582
0.2492742488791184
0.2642401253123578
0.5025702778229236
0.2455357286199699
0.2761019073211277
0.7440801204899674
0.3015923517285413
0.2158565299952819
0.4827706341925438
0.4589853287014036
0.08727218618841032
0.1038996713479037
0.1474798827833697
0.2235975058703297
0.3555644603730733
0.2024632583112725
0.3178723560892244
0.1901981862942837
0.4104424943514687
0.2755142098161196
0.7943776079416544
0.9079667735680642
0.5606660286881885
0.3288945877099965
0.3475902466806836
0.5384210311496194
0.1653941694749751
0.5851892283847021
0.1799909816606504
0.2841263737704278
1.314477018783871
0.1665279660699749
-0.06621134245194017
0.06641505369850192
0.5640480085139895
0.0128272496467961
0.1497875285096657
0.2764858653549594
0.3496189700867247
0.132078121309947
-0.03937751691025243
0.2269965130688081
0.2802322197863332
0.6239757836303828
0.2394186223402922
0.1267700261123079
0.4578318321939624
0.2453942302060765
0.1749804593865832
0.4723994875334194
-0.1327416049861706
0.3730242327002763
0.1348995629328331
0.1022453408824684
-0.0192389814635503
0.2266539791885992
0.5987991091031831
0.5200631774654252
0.2337089264546862
0.4008236447814994
0.2958858530889144
0.168834051687467
0.2159513975373309
0.1219999680426266
-0.01840646398548403
0.3453534021191242
0.08196732570593812
0.4018549694563074
0.1136855123983382
0.1047617013721708
0.2322771024040385
0.347160567921485
0.6741315264490354
0.3537481878504244
0.3712656693616053
-0.006299763100723632
0.6020720375886148
0.1223253733198793
0.4744479594617763
0.1746372005848339
0.6182937726245159
0.9791103315027951
0.3634352302002307
0.1288544807306583
0.03241967252505731
0.3797789666186274
0.02403623361971959
0.2793284880069187
0.3208876400892025
0.4770601794682449
0.557910112555551
0.2788741657949637
0.3905862118193801
0.2485095622920411
0.4888182389966105
0.4314723882603946
0.3641638345876773
0.5347001288775206
0.08590231382310215
0.2689633000761478
0.5720310955365044
-0.1615900419984282
0.2489560317885962
0.3780957131575902
0.1990647735041601
0.03724225989382723
0.2758056394361361
0.6029966838818966
0.3315848841485088
0.1973094246858124
-0.03445026965246316
0.4608636860721217
0.4383398180535994
0.2978236142985065
0.286913640877109
0.04025793619797559
0.2975043382833221
0.3041870766814498
0.4418446823247928
0.3915400286173967
0.3559081368401805
0.4640408884314126
0.5886019223810903
0.6197665580451805
0.3897250277943659
0.1301925854716714
0.3186722939155148
0.5328692898683335
0.1052980122659179
0.7689712534968812
0.1261536976215702
0.2917637004285872
1.257591477274012
0.1166637969526284
0.3684668046285984
0.3551353535844901
0.5530921282121432
0.06671637802670963
0.4450871665075471
0.2616577565870954
0.2516869458970419
0.3664162972200348
0.2803695572007279
0.1558693573091963
0.2279090363304784
0.2568130328301183
0.4553156723522684
0.2041412506387877
0.3765683012270911
0.3052533746924016
0.1941011928504098
0.3077777748361185
0.1183827794394426
0.1903059891283512
0.4540035308817988
0.3949692826675238
0.1163822819272603
0.274115171978749
0.6688875828522363
0.6598260391783983
0.3053307721876911
0.4734117321076119
0.2777849305847643
0.2709571429895445
0.2461859058678491
0.3121155683186601
0.1470993548809054
0.3324437449033715
0.03518418179457303
0.2427921249369449
0.2090386079932589
0.2850790799476393
0.5457634130630988
0.7018384647591502
0.6363217776235777
0.480102205164185
0.235697002787764
0.2929776059401158
0.248407325345541
0.4295282011700396
0.3959953042729564
0.1164967353388693
0.5830822316076896
1.196830464755408
0.3102179221695976
0.5707242768075255
0.1189331996908055
0.5390407553662884
0.2039609053654944
0.1991376152634414
0.1582030435825462
0.4302977760465521
0.4626449518253767
0.2002010526111814
0.09573352314637011
0.1719877947154494
0.3525268200802428
0.3345354291661753
0.3928129000774689
0.3847777088345259
0.4390328710728739
0.1079743961356292
0.2350070068536781
-0.02032926791174251
0.2261259225658966
0.237668313832793
0.4197608581721893
0.3118265023979385
0.05118702717654357
0.1833770055082786
0.5640939213374303
0.2502797385677445
0.1709254980015877
0.201660303693597
0.2640262537466989
0.274129800683009
0.02860197694491989
0.2605621888548288
-0.06344611072672265
0.2947908764279211
0.3720854014805094
0.1278424628705883
0.3477217758794849
0.3272975301453124
0.6625075678141998
0.4079998351113055
0.3723457337578005
0.3388033247527192
0.2875059267950419
0.4907692608463929
0.1242107695168379
0.5921918347757826
0.266190591114673
0.3993807159042877
1.024413520105295
0.1790786752010591
0.3448119988762219
0.1785799107168501
0.4192549604720369
0.2026315183610663
0.08893863147359199
0.4557212304010876
0.3361879971019691
0.2587225875097228
0.1649623556286587
0.1508018499412477
0.2607873140031741
0.5480696662574572
0.2598009418552256
0.3218599398455204
0.5059688753141446
0.3987034955864052
0.161143552325386
0.2891624956945149
0.2333621682756857
0.3700699667821494
0.3298380612903627
0.2796484070734526
0.3037872829229848
0.2535051826885364
0.3887688041037348
0.2911918247434901
0.3329595864147248
0.2347139147173687
0.3611287205117594
0.2505179944062043
0.1888856625655607
0.1361348766347786
-0.01946042088427166
0.2855825020648099
0.248686362502591
0.3619939982794658
0.08658670612466819
0.2728024505903753
0.389605658326122
0.5598663865164117
0.6605443644987268
0.3987216607930004
0.5720126201368541
0.2209638075347273
0.2241727482762797
0.1539225784283128
0.3407499265923006
0.310905267994106
0.3842667745485158
1.11756681570566
0.329776366247309
0.3297566060009422
0.1540449142896229
0.4236651165702236
0.1277589500517819
0.3375845718296179
0.1840044826014162
0.4054608189483827
0.3816958499205746
0.247748420882515
0.03331171167071004
0.04621767931667677
0.2883572637549885
0.3004553842908931
0.05286158984305743
0.4594553161409148
0.3639771090514068
0.08985106738723775
0.4753179656590546
0.02141907118737879
-0.002731816987599224
0.3635864885621863
0.3722214785678395
0.2842127806410897
0.1830720496799014
0.6236806906102509
0.369864445831593
0.2507954617643806
0.3184329949767103
0.3997789807170666
0.02165836125852748
0.3127354522920405
0.1235997964126439
0.1003663606867007
0.2578515070068508
0.06595155027924386
0.175588022612271
0.1106799447250363
0.1687009823926214
0.3223195591404335
0.6450342393187873
0.478009287090166
0.5429925838083248
0.3669733509721433
0.2839686287772261
0.3142045297159458
0.4462998586398465
0.457034586681668
0.1873071870142632
0.4851251294336871
0.9250304962282637
0.3951846478310339
0.359738702932989
0.2502850812598102
0.4707505483816194
0.1612780956640417
0.4864677243386882
0.199503554409438
0.4398036672115562
0.3585727041288891
0.3754706603919136
0.1479199663149397
0.2769996241698231
0.4660101950005114
0.388345155067404
0.3939159378821926
0.526974573785789
0.4209022453129359
0.2525433745996372
0.2588720567223876
0.1777422124711889
0.4377586213997896
0.1805197374901719
0.2118782697634265
0.3376034314711486
0.3599428417318074
0.5575586184449526
0.4741905704763881
0.2385035406416926
0.3038631627802571
0.5071204266368217
0.2995341870557744
0.3015732663140324
0.2481950353779854
0.2601368271185003
0.3834336921244361
0.3443981645317906
0.4066957136365515
0.224042830074467
0.2258641823754352
0.6083202864564682
0.5054388211024518
0.5921384081919133
0.2994358512141128
0.4557522093601242
0.3103963505009105
0.3917927452378522
0.3411407976803118
0.5681955911986508
0.3378855576879373
0.4559496456322444
1.295453497646615
0.3188599653453431
0.4151404476677776
0.4025374529065173
0.3728585263093445
0.1689452549421597
0.1847282985432539
0.2967035879676508
0.2694427112921473
0.1730167582170048
0.3131368967623311
0.2606356078783257
0.2213570270820527
0.5316530658422793
0.385153339636261
0.352764832982003
0.4069538889344653
0.4375295217099403
0.2676309397684796
0.4050135331535161
0.1818949744886916
0.2554442045344807
0.3303060065481368
0.3395851622319884
0.3263118098049648
0.2040500883111985
0.5808930058802653
0.4385065468187829
0.3356720037796262
0.2793293906529477
0.2498544065222549
0.4638966885180812
0.3130072494352328
0.2841188453512209
0.2077529283041281
0.3833309592907425
0.3722875249969821
0.3732420148668673
0.3379347235916285
0.1689218737709829
0.4960021720422982
0.5293275708692751
0.6134653723931267
0.3859509983392394
0.4213392630758758
0.2742653496335236
0.3489171107492166
0.2676471978047654
0.5415832821375162
0.2371296306866726
0.3262370078757568
1.385818967244857
0.2698733376452397
0.3349160187691836
0.1205958502787004
0.471459434079542
0.1172378206171835
0.389878405602206
0.447999863432789
0.6889808720673722
0.1765557520119397
0.3819043165586142
0.3015493300785025
0.1262314722465829
0.5542459881335823
0.4138630021172768
0.1926051009580278
0.2436985233260789
0.2819219637312453
0.1776980257099654
0.3238028525348402
-0.0118507310433311
0.2140362795923752
0.3389734774299252
0.3365969527319217
0.3362683696528758
0.4601306335611203
0.6200379128033414
0.2505343752541404
0.2942695401787025
0.3223807825698023
0.6581670641783891
0.2679138359376893
0.3182099214460515
0.2741610121486243
0.0141876969705329
0.5288817431685402
0.2841820246226773
0.3558115104663239
0.2648123035478849
0.1279597448290365
0.5169140263484391
0.8066769922698986
0.4069942193768282
0.421973176683011
0.1917656209776318
0.4360927464004455
0.2836019213116438
0.1164245009594406
0.3833983815816543
0.2468598676502523
0.4061279776645228
0.9803968564548287
0.2232769313992759
0.5298099531414617
0.6174463120709307
0.4926831344854352
0.1712992993099384
0.2763015061033846
0.4196530664379567
0.1761827930715023
0.2836834148410905
0.4505239075772196
0.1763709696535048
0.2769840290016552
0.5030386572261588
0.2790095855553296
0.2542796813317068
0.1833249278694256
0.478535529665904
0.4060888807210033
0.4372071655227101
0.02236406334557225
0.3075039270018534
0.3844801341203645
0.2896130175611233
0.3601638879385459
0.2680259009961569
0.387310476835411
0.316204497079749
0.2929093263345143
0.2634032320478389
0.4321707757976056
0.3868851521821435
0.152240223056341
0.2393022869819004
0.1540218637983192
0.2524431479654982
0.2771514444768136
0.4115166804920679
0.153276741242938
0.3630407441426965
0.317611658050567
0.601815757145488
0.453734921130485
0.50271371863248
0.5138019032884371
0.3155953609747313
0.5088779894960354
0.2523602328032578
0.7061516705439049
0.2290759765217978
0.3630677209449798
1.318667471802642
0.1781512432023868
0.3690491013365576
0.09678564496735348
0.5292690263242332
0.1477437293837806
0.1630730917373387
0.3241357023824343
0.6184281702280151
0.3151647204008661
0.4495794552580072
0.1401713880483542
0.325583532493713
0.5528894433524637
0.5765594340014215
0.380730022456145
0.6041198421501913
0.2670555886007294
0.2903695182078264
0.1981192209071831
0.02294943302677091
0.2351859089212796
0.3433273826662352
0.2597861510839526
0.3627821376297053
0.106734919200964
0.3014893655586783
0.5537225262186934
0.2374268876587758
0.3370095709348725
0.5627476418246231
0.1685111361830905
0.5445321770269655
0.1436069725225279
0.1659644471060798
0.4148390427552553
0.2337394829366098
0.4209644618095394
0.1729456764633997
0.2468580851026995
0.3083237233962484
0.9796725074422392
0.5922289064478781
0.430721779272445
0.3639152378838566
0.2291165334975977
0.373921110031684
0.2079791451632734
0.4773709900384049
0.1513106136309618
0.6293913692764732
1.142137024227952
0.09357240139970401
0.375499385649436
0.4554640421802473
0.3468181723313642
0.04722460300944711
0.1034242068564657
-0.1104795850405699
0.579483165731476
0.1934178129601692
0.3533776689729039
0.3520153167095784
0.2712474770956278
0.3142248976205182
0.5500445276302988
0.5996481768146329
0.7337788108505889
0.6031041548260632
0.3294253980403898
0.3148640764441179
0.006602461100334775
0.2319779619770372
0.4471486904883442
0.1799291552567153
0.2976820025494668
0.273924318587797
0.7308309688969652
0.5263121654760194
0.3467710527821157
-0.1075502508379174
0.1478941254088941
0.3840831402839429
0.1861379447728609
0.3552846333662968
0.00993381830356607
0.2186702470259914
0.3599263468462059
0.6351802485920939
0.336810685970043
0.1010923859226257
0.4413041508092594
0.4341011783831625
0.3950477361624156
0.6897155804778508
0.4106963675462958
0.5220855561044674
0.4125323966344195
0.1255287200150593
0.5809845710266947
0.2666369053730975
0.3211681567193905
1.247909977467585
0.2026860412180501
0.1906300439607844
0.3478167617365016
0.3530476746793222
0.1379678333025098
0.1126568120463172
0.2994919944669561
0.2920640547679555
0.2774242826531478
0.160601140089398
0.3166850316580072
0.3441765413624024
0.6323639546205526
0.3647219407173179
0.4115063527181937
0.498224094211252
0.2965173284077394
0.3168299620682775
0.3106268728574152
0.1250714304764668
0.03593024599566606
0.1608915137006721
0.2243908942745043
0.1859881817730859
0.2630616502259653
0.3174357162413865
0.3418869751153003
0.3891980967156868
0.06434800014571344
0.4033043104884773
0.2257791323624719
0.1111363869561994
0.1527176227909799
0.109774322731482
0.2526817979842217
0.2215282960095342
0.3188509683733778
0.2333500975479609
0.1768756523339014
0.4542931334694433
0.6592625949257559
0.572654842792342
0.4110472711582825
0.4154765524243619
0.3733128293877504
0.489286622415205
0.09069256893828417
0.2841113659090658
0.3228693385833536
0.4334784798241108
1.142105462770975
0.1977048008721732
0.3901156515407212
0.3807621018665932
0.3654924531524459
0.1425628373007935
0.3510721636197715
0.5221161764351494
0.3912304688850107
0.338497425846958
0.4126355169095379
0.3434085849603157
0.243490535547849
0.3958302981345287
0.3141198902776741
0.3481653423363728
0.5116288620675052
0.3809405520072648
0.3367968703725147
0.2840170875050976
0.1694750853100123
0.3975564027454236
0.4775249690152251
0.1690348464509396
0.2163883469237071
0.3344446346971944
0.634103851845887
0.4348224904431928
0.3262176032991695
0.3559359909462401
0.5176026468418747
0.3031767337829001
0.3545489524470871
0.2150530839360225
0.2147285715367749
0.4806650802793594
0.2086360735566097
0.3643188427978039
0.3354951319281579
0.282801005216709
0.4933523248240004
0.6083771130362033
0.5853542172750424
0.506255910647415
0.4237453367160579
0.1835546689621386
0.2565649933293021
0.3755495820494007
0.6685835034830315
0.2713959656397293
0.4206275333910289
1.300765313473703
0.1998682182189251
0.4069393224718466
0.2878747385394649
0.3683880803023351
0.2533863801034233
0.2497213521158103
0.2168940862679496
0.3356418916189621
0.228824963555894
0.2986777183543322
0.1915635478415073
0.2243037219488542
0.5358544214770729
0.1627644675149923
0.4225980689239501
0.4008526543448657
0.3192154532702156
0.3530799280109323
0.4056553902274958
0.1094973714847787
0.3805459002079745
0.1438343283988975
0.1372237495607724
0.3877161045356105
0.1834563774900936
0.5045156439100885
0.2739599192957301
0.2574074405087182
0.2416454115957675
0.3505886030916783
0.2299854930049172
0.3359354072500068
0.3083365821108238
0.2452227926698128
0.2899792026843032
0.3403392181162918
0.3214017218744172
0.2170388721284821
0.3450296790362607
0.402697730681806
0.5251189436639054
0.6264122475849008
0.278347479314939
0.4383980866654514
0.3391382378826996
0.4105080353961086
0.2140348667098163
0.5330864581629835
0.3364667891065747
0.4495277570594206
1.253835960447122
-0.4619283063770098
-0.05327619915418099
-0.3063904352349019
0.07113368436309615
-0.8177285598833643
-0.1101373393493167
-0.3526915419872933
-0.3956449125350607
-0.5624566778922421
-0.7028994847219218
-0.3131617207378489
-0.2237323376165399
-0.1683042246342047
-0.6510973432732148
-1.007920328099607
-0.5525317525451321
-0.1689329400011082
-0.2420911774847519
-0.2713939901489514
-0.3480392005773221
-0.6242703657131502
-0.7263941340063865
-1.129162665685395
-0.5817660380670828
-0.2570853094318989
-0.6333010646767461
-0.001833367336329178
-0.4566200093643944
-0.5316993768804701
-0.6265533645209521
-0.6184416704145477
-0.2816406070448805
-0.2052974548047795
-0.1845920711389317
-0.2761153975859196
-0.123358693291914
0.194960524564782
-0.214504063253049
-0.2503216745250987
-0.1063938616017749
0.07133095129977582
0.01194844214132202
-0.4505785018331877
-0.02753487084508078
-0.297022237810405
-0.724808307986313
-0.5769921377968865
-0.4249416884894604
-0.3110727564965998
-0.323088354757953
-0.6264487837702506
0.2175221052139315
0.3840457106952405
0.3299615527505254
0.5589837123135007
0.1228303872581377
0.4020750104047776
0.1947769659172699
0.2714997913280597
0.3253886048167001
0.367655131645997
0.1650610799786007
0.2022875175556021
0.7626100522363741
0.2657535874282869
0.2899849900373119
0.4357912338040782
0.3531943327440148
0.1062487991963615
0.2794070815260185
-0.02973297849720641
0.2089659630085277
0.2258334503257018
0.2800046908857367
0.2410210699103893
0.2302236978577583
0.5941267183623669
0.1452105423516949
0.3132947109720993
0.3380151287826763
0.3325945453847753
0.3523340978548079
0.1608702479025093
0.1157202227312578
0.08240062792810267
0.4680499232521891
0.1944411671802862
0.3864217103015954
0.200078437829104
0.2522503691971212
0.3116808631255057
0.6707878864233997
0.2981411915597864
0.5512317201586452
0.5224593666033612
0.3130467244384652
0.421836687506752
0.2149826627111896
0.4009330903553876
0.238317627753082
0.485688702564155
1.083518062892062
0.1747110432120829
0.4186272257857108
0.4458845223480404
0.3855750116674851
0.0687802868915191
0.2784214927241938
0.362209312477645
0.2648737607488421
0.3450164550968108
0.2744913639092401
0.2002638555402933
0.2297020366377456
0.5964444453670436
0.1872211509690521
0.2939433036580174
0.3547056442519224
0.3873371751507736
0.2501680546925341
0.4181276333682474
0.1099551569432069
0.3366104254995104
0.1457599425208951
0.4463198111490823
0.3058829342719009
0.2824340002447441
0.5175037725056447
0.2800624575290903
0.3554450101117366
0.2746312322408334
0.2688713890153809
0.1528664140095729
0.1885205951646302
0.06762917283797609
0.03388738247803506
0.2570716498256991
0.2525240183872218
0.4162944944005228
0.2927094983943077
0.2445403095519457
0.4451433635879709
0.5672565015996701
0.2324104844048903
0.4063504855110689
0.3788547280934585
0.2369528917388757
0.3314306619193466
0.1215537497371255
0.4078386382220112
0.2175148546402064
0.3821419604587918
1.134464313492475
0.2918891468076951
0.2150399353653979
0.2776371267658589
0.3537162529207114
0.1586588932225378
0.3454353583182146
0.3082359059964879
0.3978404406189075
0.298323491528087
0.3367678731443939
0.1936329698970625
0.2492674223642929
0.5378192989009748
0.2813583203049673
0.362937813591426
0.3930766924753383
0.4329490211192175
0.3672775551386906
0.3906337588283707
0.1140347478161185
0.4162098733756507
0.158647459962451
0.3120917768511905
0.3185446087421098
0.2772790844105658
0.519261279745227
0.3413943904609747
0.3422392247678417
0.3572465101412007
0.4358490014755989
0.2846091880611755
0.3091293898662032
0.2418873906247144
0.06654058358676856
0.3757209085227913
0.3908342216877692
0.4913143766560311
0.3771596751559855
0.2639035628971243
0.6073246419492074
0.5536076655473863
0.446178386131759
0.2598226790105636
0.3848250074210119
0.337749006423912
0.4785320556095099
0.2123452637753872
0.4678797049319321
0.2628634027434429
0.4462578420440826
1.344617065900305
-2.041271455153603
0.1380902492215275
-1.067548493677822
-0.2105298476367073
-1.113493632467005
-2.269490293773411
-0.1337404997019602
0.2770415375030971
-0.6613805274776969
-2.161540905359343
0.278414513122639
0.1828841119803224
-1.208189194677968
-0.894932126947617
-0.719024938384651
-0.2949792538487483
-1.464807423704574
1.779153771109846
-2.432165072952939
0.5915986020199467
-2.586795375019914
0.9418293094812487
-0.9821259638000532
-0.511405855159177
0.2339521649005937
-2.091888248640295
-1.18957396154188
-0.2602785780649613
-0.7685576108231424
-0.5696872535210598
-0.5646430001495607
-6.541572570278749
-1.977838353974713
-3.61570172859566
9.537368168960825
6.483120230724503
5.668830803828369
-3.105545797930073
16.62428273056364
-0.5645073003913939
-0.9620755645999157
14.57110081194995
-7.911963589149375
4.13876833906728
-3.841924652452927
11.55520697967355
8.734756522826546
11.82636493223552
18.14344255403075
-4.339433624511743
13.07281589388021
-0.4788871988185245
7.371864890026826
10.30640656451705
-5.49110796947489
6.545950812921793
-2.420781437158479
-2.212142670678723
14.74357690988746
1.241919754225399
-3.122660613033672
14.26882140196294
-3.428468201093187
-0.6147888090001739
-0.7357367565272186
0.8979813337326197
-0.9166250807741151
-0.7253674241031711
-0.7883736787743089
1.017504207980091
-1.277831411405509
-1.17088513593008
0.8783560813331157
-1.731859977906545
-0.8485094708597342
-0.6536730468314811
0.2748641467555949
-0.7251587605738685
-1.72276272414893
0.05005422290915458
-1.534086088963394
-0.4209866117107858
-2.045375041909979
-0.4654115736558316
0.05382292664610631
-2.079003262073284
0.9285371741754811
-0.7735275664048812
-1.006483665426304
0.6135161854390759
-0.2825721787645451
-2.236651047650671
-0.9936778695025011
-0.7873246366787222
-0.1410344228756259
-0.5040737474481211
-0.7680683502465834
-0.02398091975188053
0.04953487007633758
-0.0930708038667922
-0.3002858363177309
-0.4198950914010264
-1.036741586103753
0.4320191120206893
-0.0298018451905898
-0.1743062647526075
-0.6009749835389759
-0.3048756871937477
0.1211647681726356
0.8311816600732113
0.02875557863588588
-0.8871266443975393
0.7128400626279654
-0.871885543638998
-0.1538294244030092
-0.1126365569301805
-0.3506019920774694
-0.2753882723855068
-0.1178155685475454
-1.112534224579088
-0.2355281947917581
-0.04416866351340984
-0.3542547811856349
-3.79618590658782
1.097511760966311
1.537860908485653
0.4927804103580361
-0.05685188289795079
0.468187085014174
0.9942453327166673
0.436223199297785
1.566202671864853
0.7964270685871196
-0.4997143892235772
-0.2767921227768948
0.3607870869487436
0.4433472989073873
0.3665757521280914
0.4632505947878289
0.8847386857368513
-0.5975155301139956
1.25533471156324
0.1716836933516826
1.209319268018975
0.832701370144922
0.2504845024957342
-0.4825241523004291
0.6915391680816785
0.1809511419143696
1.295759922903551
0.007871878831881301
1.064235159097838
0.5484728686415991
0.06263562559120125
-2.892790615421406
-0.2251068324175706
0.1379870158922979
-0.9125622749621862
-0.5115290772504552
-0.3832096193074833
-0.3288025609125773
-0.6216657760541185
-0.02723901183219764
-0.1900979361359441
0.4668376116103658
-0.2424565486549139
0.03836735471464785
-0.5899955358474518
-0.6809122594098235
-1.244157256259368
-0.507072386210208
-0.5386789976888013
-0.2953050534546462
-0.8711150797787027
-0.5121410279516684
-1.346175691806505
-0.3998873313553018
-0.5026117143843848
-0.6549775169364213
-0.005402657881644124
-0.5707977142270033
-0.5656247343403443
-0.7231446405643006
-0.2964013708354005
-1.029293072022741
-2.868980988631287
12.07707537958568
7.427683002870888
9.03990265485429
16.86685382842631
11.18329662998587
14.97881773606333
14.00908523523601
18.37040888376375
11.59206039915837
14.50147703097223
14.28591578275891
6.923916952969039
12.00626839351865
10.69740529816441
10.55959404002733
13.57880378170017
11.17815058630281
12.88053542410746
11.80471925153434
9.43168943558933
8.006518306502505
11.75438980990298
12.99849388187032
9.429053829098129
17.06588316860557
16.14763146512892
15.38936170378046
14.58199941189031
10.63882409361472
9.547661940581618
20.85698079096841
-3.174898060278389
24.88721533272302
18.51490559238878
17.77099672236164
6.060591189565043
-6.965673108207975
22.44990795489843
17.67737552959039
8.091099603136328
-6.564955973959738
21.7131497932282
21.03289887588469
12.41442773518078
10.85113550755423
4.521947565577429
10.88306572470559
12.46981916466203
19.36801685759945
3.514813742400527
19.00375740012342
-17.39368080572821
23.48883863716096
14.03407790373205
22.72135530762797
26.12886425913091
8.646481022499708
8.17890634170525
16.27607163394243
12.65385275807316
11.89111720979908
17.00046990647873
-0.474818982393425
0.2059701424689497
-0.434376357723348
0.003010463619105736
-0.04958683127371344
-0.180398026401205
-0.07020397674497578
-0.3967342976696491
-0.4311224372939896
0.1678030232459317
0.3766133327219002
0.316794924596562
0.005363235293176755
0.3293970430488133
-0.1113910577682441
-0.1539388730674867
-0.404037370913315
-0.09402810838184623
-0.2897668116499905
-0.1852141638840972
-0.8072394166330567
-0.09175507283902745
-0.2595219473542792
-0.3869393476616909
0.4898165149108656
-0.07377852466096081
-0.2968323282613368
-0.5190175527137268
0.05003705174193403
-0.3650534238934563
-3.541627568525032
0.1697065698421765
0.03225296713615178
0.271967810391069
-0.1775734436119021
-0.1040104267203532
0.2730575054914038
0.1170612777207415
-0.1639262737272143
-0.218481537283313
-0.2907861865131877
-0.174710979502938
-0.2013775705261479
0.1559741723910468
-0.1162787969618104
0.1098700914506611
-0.2273025246713616
-0.01995176458985026
-0.1710684572319637
0.4044583723993621
0.2687432420909419
0.1393279625703493
-0.210872791768818
0.200531381189671
0.120810103920455
-0.002343716063529887
0.2674719884319241
-0.3499259564545874
-0.2507928321215593
-0.1821099359152867
-0.2335955625379563
-3.722455131733957
-2.081659293645538
0.3222814583824611
0.5290923799062771
-0.4282229889775434
-1.029296675136618
0.4120172910503567
-0.3237666084896169
-0.7661636470582505
0.2157459178931898
-1.384673283602709
0.4715663139496436
-1.116878642714916
-1.474252946943297
-1.444966297211225
-1.387154072418954
-0.3697570522512411
-0.4340354175850954
0.331626445188485
-2.120549464601021
0.7188552427368429
-1.396951054883636
0.3994563310829828
-0.469944340808058
-1.562765465719218
-0.5590050005736074
-2.358558641267358
-0.8917751635423034
-0.8466328538349205
0.3476610142016877
-0.0722797551311557
-2.170289218882144
0.2824231000283423
-0.3268037128089519
-0.07705968178427997
-0.1939993300293343
0.03746050459704722
-0.05123682838019394
-0.1856847971651339
-0.7751329625156284
-0.2546373303905357
0.3544565021975854
-0.5468319654301221
-0.4858487055472763
0.1970156149908665
0.0005125959489210443
-0.06733622110197185
-0.02243219509883632
-0.2387129424814762
-1.543207668359283
0.9207560242143158
-1.372007506149055
0.2163144565325966
-0.2576669960391031
0.2135527050672835
0.06357568504373436
-0.3834313855685196
0.7344655344370808
0.1300067583377383
-0.4675918109967201
-0.03965395157341729
-0.0005785256686393933
-3.893836098306986
2.400344728920891
-0.07320784809291157
0.1047239091537044
-0.249316781201636
1.023141822249603
0.157497248438208
0.6775497638613016
-0.2578695619707289
0.5702842461378443
1.548229750554739
-2.79408466044778
0.1910556897849753
1.386661791924679
1.639968698740863
1.057344840007953
1.093254074617937
0.2671210967294374
-1.688222708234714
1.208564385271278
-0.8504165636918806
1.856956239490901
-0.4941586936514024
0.4725056828806194
0.8562097455316567
0.3334664290482607
2.240706062905998
2.739869005903527
-0.0621063883699318
0.2208493428820111
1.445896883185425
-0.2648263214760063
4.798352324234136
6.041380945514285
6.837082962802927
5.897167669667106
2.767252858766545
1.119454526495476
8.857603311052843
5.835081431679075
2.588680461801294
-3.585867966030051
7.707041571116514
1.743416073420348
6.669311729329539
9.286730369751549
0.210698518870231
6.710902713603208
3.744517410836724
1.528790374433485
8.730432076558596
-0.1312171482536737
2.344787742995436
4.225489754907681
2.908597876816942
3.496057438403071
12.0206021729581
11.95098453217982
4.900098014470505
2.901355464758428
5.791341940494672
2.776468021164578
7.396938313749537
-0.6431155132783289
0.4343648078614386
-0.5439318041549681
-0.2181646389185691
-0.08463286094961288
-0.3455594840656129
-0.1912270460893735
0.1314267881415874
-0.1892625396774116
-0.2895349927538581
0.2041361350907562
0.3140771697413445
-0.5427075201246143
-0.4726067585084729
-0.8906762823807868
-0.2880129972774073
-0.1339356910190796
0.09971581996888364
-0.6329382655137893
-0.04500520612868433
-1.03267531510044
0.1102059961949141
-0.3613799813504743
-0.5900027269638286
0.2166218933984513
-0.4950123437008964
-0.6566129574028436
-0.1825048314912364
-0.2397585367549625
-0.7491816419506203
-2.718058445463789
-0.01697186777823126
0.3535455621889708
-0.209882139430913
-0.3768560439533351
0.1111006230319502
-0.8840303582961903
0.4630230670578663
-1.186683972609776
-0.6036558739669343
-0.4652574839873078
0.1284268833785582
0.1751656709227513
0.4427198553474191
0.6580870854888293
-0.8996235161368302
-0.5033943095599013
-0.5336894525777903
-1.420332410073077
-0.01396766296701091
-0.6641630149117651
-0.1483523300118203
-0.283416472565135
-0.5539221762763286
-0.5746568160195303
0.5987713933674612
0.9214838199367864
-0.8378611309886028
-0.6658686669133248
-0.2699099033111004
-0.2960245019999266
-3.031968714589951
2.984303325219981
-1.800898556939586
-1.324179271207696
-2.005070961923338
0.8333178487612691
7.07873489114607
-2.707373422325599
7.247208092772
4.043601373499917
7.954910247786507
1.009039204298227
3.067242992190708
-0.6004013316521203
-3.513273571165068
3.521317344695968
2.461914063663468
2.23208268963922
7.961424080919778
0.1064771060046872
3.260673962947469
4.019889899528503
2.794347732170838
0.5420857631429116
3.557619470904398
-4.274249011169332
-6.934329058135836
3.882467712585458
4.504046185855786
3.704233507681145
-0.1365159951388615
2.703033234177178
-4.032859763893549
-1.27711280960293
-1.334855651555652
0.7047199853294522
-1.848494469133506
-1.52531552068784
-2.074149532810738
0.4683279152079415
-1.581444899638426
-0.24134839279349
0.4001345584711357
-1.853889285937892
-0.7747676561045159
-1.167294869442262
1.102085243242956
-1.420561899248394
-2.373880619405243
-0.4736031646927477
-2.438781619086353
-1.343119562953563
-1.774215566394369
-1.787027601612763
-0.3181513286380177
-2.904801147466639
1.255605411172943
-0.7001596056054896
-0.9664672366312171
0.282851835904622
0.330522691824269
-3.000942935007195
-1.922708865386415
6.792094867734453
0.6587813464520956
0.410506139968504
6.578237820700796
4.914452087103692
4.836918255270448
5.466467131559298
5.795302862864421
4.7775451289118
8.849641279307649
4.484212280322645
2.832970589986465
3.101727757301902
5.162466084562917
3.09496318937202
2.562435628887568
1.637886590038485
-0.1839890115927205
5.390863231113046
2.617981890455143
4.296476712024484
2.703644752300633
2.845488483725459
4.309379299716796
6.241123075875837
2.328562750935983
3.599067663463634
3.614922307558697
1.573297947447109
-1.424797690380988
3.720974113912529
-1.654941714318621
-1.33222442122533
-1.494428081925461
1.788809163127124
0.5589666413285369
5.343324311223434
-3.510959403985158
2.469946178346208
2.019107358532829
6.568871722631117
1.905683526396557
0.7889532993446393
-1.404273984935974
0.5248393616473275
1.201558185228138
1.498408672786706
2.873791594294273
4.950886110603712
-0.1674976020222822
-0.3491732128151577
1.632584569525894
-1.059360751829791
3.484288677170608
-0.05257306407688715
-0.7005899104499348
-2.482791013180577
2.561682821836014
3.018937213582794
3.357304926618508
-1.670654102575309
-0.874140371621776
-0.6416307647923888
0.518247446906524
-0.4784304831011711
-0.3441653829156245
0.09235001046445721
-0.8347187776430305
-0.1339552238219395
-0.04434336443521569
-0.3920906999320815
-0.7361152930530763
0.02154205057136883
0.3092831201745834
-0.4922350354745806
-0.4749248886644694
-0.697095083916048
-0.6509995482489078
-0.3345586588538463
0.125991800477195
-0.8613724925678462
0.1088794917742499
-0.6872331996887967
0.01885663343657261
-0.3808063995049912
-0.496339407836584
0.131556798005072
-0.4826491434565038
-0.7381093359824817
-0.02784820992454529
-0.6136303443728005
-0.7815045630339112
-2.55200839562782
-0.2334194604325228
-0.003108864919590169
-0.3684250057256871
0.00703590122218857
-0.02529550145338949
-0.02860657408107244
0.02257359003495082
-0.5154828415616645
-0.260296276442126
0.07342525877556055
0.1374803704185826
-0.1374854072730818
0.04081009668127762
0.1979619737523091
-0.03894989361748088
-0.3100741348165965
-0.2998954230123874
-0.2483140417008186
-0.1719431475251735
-0.08432387054910644
-0.534295053707897
-0.1074124541765835
-0.04942393050212376
-0.2036281128242234
0.3466354605460124
0.1064291860575323
-0.05840353072352399
-0.5126669173378396
-0.1468133288164895
-0.2505355878581552
-3.681997783589235
0.2226276944617663
0.6036170877826839
-0.716351561229739
-0.497496570339644
0.2451577432262037
-0.4213584389615269
0.006325686178076936
-0.6274338687675459
-0.3368828240875501
0.03319979348276608
-0.550368025886338
1.021838529130413
-0.1909056483562568
-0.1565668387826654
-0.747807240310979
-0.656305197850368
-0.6435984672935403
-1.079106082821883
-0.8662211517932412
-0.5385687490845292
0.2240881879077087
0.1872139384244769
-0.2033774062389389
-0.06219502826130079
-0.1518203437704029
-0.1921586977621794
-0.2615317941628585
-0.1738260241468147
-0.3527358091259389
-0.6507029341670351
-2.973103353202642
-0.3854077927973646
0.1657811039348104
-0.6386287278969028
-0.2353522150314755
-0.1948961404356695
-0.09348134020513008
-0.3237666589284995
-0.1735634050890983
-0.2781309163108516
0.2705999997933053
-0.07098255492603368
0.2713966447928223
-0.4775154237753926
-0.3167048706604079
-0.6932563710879451
-0.3333624743915924
-0.211656838632454
-0.3441412314973477
-0.6269373072725843
-0.3474768092758776
-0.7536256441040157
0.07959419706108202
-0.2629501668434573
-0.5271634438135323
0.06897091258340105
-0.4312536134466454
-0.4559844479947487
-0.4100215698674369
-0.1974263972828393
-0.5764773490937465
-2.950747144311428
2.859552190267357
-2.200004452764599
0.4863440878886378
2.973448306766764
1.269152109458516
1.805900308300753
0.2704898173239506
0.4081115025846341
0.1598860914023121
4.636239377415375
1.952637065382786
-0.2635207582207225
1.499938084329612
-1.750872920037899
1.831175392391024
0.3096201197860156
1.821909538278776
-0.3206560752621091
1.608318813350694
-0.9918796587098875
3.447006012285015
-0.1606789104239839
2.549646689897797
-2.252027211437721
-0.9351414897751424
0.3456382205717759
-0.4202562534849433
-0.8351625285007099
0.3984868710166842
-0.4300927026039124
1.46446903906113
0.1641627006324819
-0.7249360019127372
-0.8050060388514013
-0.4332706181738888
-1.491485686014965
-2.44133176335444
0.8499597800782361
-1.624528272063598
-1.744359808503442
-1.691161546088009
1.073083452872862
-0.9487684176130035
-0.03199844046530855
1.085108461931275
-1.149778175261776
-1.195267235909832
-0.955550909310759
-2.602176484293031
0.2484695994105575
-2.303041499040013
-0.3120605813368182
-1.619796279310744
-0.5174917054149849
-0.7792585198450828
0.888050497479993
0.735340876904559
-1.282489035395731
-1.251788726063573
-0.2036835880393622
-0.8548620710875027
-3.474347286457491
-0.2976702531593822
0.01330681311746988
-0.001263644662554438
-0.288814585209952
-0.09605304651466019
0.07393469179821113
-0.09466441281770502
-0.2296020647128562
-0.2376089997049375
-0.5787776467107101
0.1820001169223264
-0.04604508554372098
0.05015390094220639
-0.2955302896328674
-0.101283818383392
-0.3110169404443953
0.1207902511849043
0.05058492285154889
-0.1325992777854608
0.3073240757559549
-0.1685374377489506
-0.08644885402609651
0.03820651630718209
-0.2199761833344086
-0.08159896820902808
-0.001032669182421365
-0.5591278727044361
-0.185468115952167
-0.1489224945533116
-0.1118812361688216
-3.279484180038575
23.92245026329834
20.23065679061184
18.04939555141328
17.21744630220601
24.06744449290114
18.63464090146099
20.21935621316198
9.637517925087176
13.36854733981802
20.26137285392579
13.05266571870385
19.04694243340286
22.09196553168622
18.29708175617278
15.25129746197946
18.54302428378698
21.14447730422426
13.38797386106724
24.91512086545838
16.31363942507797
20.494590358588
15.05263532665703
21.19138911110601
14.9546849518217
19.95822713578878
24.35463618425715
10.86800291545923
14.6525222940066
19.06489282196605
18.37011724387257
28.16659155144717
-1.176620278640629
-0.4886898271381996
-0.5130616116974073
-0.1545797389734735
-0.3663786784412246
0.5457484790780681
-0.1157167846821013
-0.3267367316108898
-0.463585589315634
-0.5603129093976333
-0.08556487761587867
-0.3971227975551727
-0.2899018163283685
-0.3682241995950186
-0.3665736524984612
-0.09648354936928352
0.7482276401801471
-0.0870472830726545
-0.1415297798153567
-0.3251155456924181
-0.3340360482515691
-0.5656164265786008
-0.1318693096536542
-0.55638690876231
-0.5605172170888573
-0.4267204053722018
-0.1516684215393608
-0.2018970592777413
0.1627181335201062
-0.4763619083259037
-4.007601773338221
-0.6502000691720687
-0.8719070548918508
-0.8431394413896734
0.2527637249824433
-0.3625189809416832
0.1902873257220219
-0.2932322103551013
-0.4947478198491524
-0.6169601367731501
0.2476223619842731
-0.1832525797592364
-1.069133121207312
-0.2751190357692831
-0.7800674418438521
-0.3490706003531193
-0.2352414065359924
0.4884891767948136
-0.2139570652356269
0.1112157579676345
-0.58921830854138
-0.185554574365614
-0.2820190561578537
0.3251086108382431
-0.7246589792832059
-0.03600722403332626
-0.2376792088218583
-0.1221227166560386
0.2394232593504216
0.03747876086085404
-0.637443677568295
-3.876531287151589
