0.6148966852086287
-1.29353281600181
-0.5026739660918452
0.5842268512170287
-0.24626204910656
0.5981857484296422
-0.05088811091148826
-1.223506945162336
-0.5620924290792828
-0.748909885810816
-0.6208508705663809
-0.9725511790978286
-0.4585140969249922
0.2235938685862725
0.368782029051987
-0.9714869041508559
1.097132194284757
0.04868931380410321
-0.5393632531773346
-0.5457311970298957
-0.9838110366536028
0.5096338986066714
-0.6616623868824643
0.06567612738353666
-0.5960776916407662
-0.7609146249234099
-0.8959312124201604
-0.3707437763568269
0.5755590316744377
-0.6577942614594555
2.042423517639237
-0.3307938823843464
-0.1569355015386692
-0.2708103053545972
-0.422851654559147
-0.5914140953633019
-0.2190626089763706
-1.244088003923644
-0.06842194832928725
0.1719729305406812
-0.2768948197986508
-0.2726573412324644
-0.03431387557239515
-0.04101936737780097
-0.317261464274174
-0.8422706190391854
-0.2642255985884436
-2.025930957757589
-0.4575912838778864
-0.473736169466388
-0.2404449451468212
-0.1855511481424787
-0.7113882752064826
-0.1182835631901962
1.13443973008687
-0.4090576505328222
-0.2146486650399831
0.1949942576237626
-0.09281010477703711
-0.9634039804724526
-0.09152728655066125
2.843295862453501
-0.2950769444320394
-0.9442611939849668
-0.2278362782915598
-0.3717134050602142
-0.1979700772692456
-0.3262381248608927
-0.03825753129792992
-0.9633224161413232
-0.1966788736152471
-0.3688892930595565
-0.3148879207267137
-0.8028499645351762
-0.1687817820361503
-0.3353607436324857
-0.3481138731586708
-0.5917198844530004
0.1314510812979481
0.4154091499939788
-0.4098435090495312
-0.2333061223114855
-0.800633153639234
-0.3467184721011773
-0.3221892917456994
0.6053092062403062
-0.3730650513466404
-0.3698211121252903
-0.9993666666216443
-0.1182168112336001
0.5947416034481736
-0.2416122880485433
2.162445299278606
-1.113431474845945
0.4205206688170516
-1.237326677711738
-1.144510939731441
-1.177514769950343
-0.9887837212354317
1.715079190085114
0.6339327779603064
-1.096283502724795
1.329449602428725
-1.210542079325443
-0.06048668652621352
-0.9996880976456739
-1.262529986787218
-1.642407676103471
1.639257167663625
1.144456458961732
1.173805076137335
-0.5362043874731277
-1.305655000251656
1.282176042848812
-1.456581395693724
-0.100217253723545
0.6886658578492957
-0.282354172314486
0.09925086057534938
0.5696142202429051
-0.9967175021621091
2.037390473674682
-1.305048528899984
1.43305774991152
0.0008754629126408763
-1.123000010519515
-0.388900390311519
0.01824495542159118
-0.2801338552851901
-0.1326201141839279
0.2756132334951789
-1.03557059065035
-0.6711337524363573
-0.4614601061383023
-0.4473198251150168
-0.7324858283534259
-0.4814011641594828
-0.2273983147349419
-0.1234999379882602
-0.8754075523165539
1.177839907641586
0.5388940669213071
-0.3905801754430395
-0.4287470467601745
-1.027963539031119
-0.02128437150673343
-0.7238513363307084
-0.1834257445392093
-0.4392330166253007
-0.7155121587441378
-1.330724995189843
-0.3190965989237582
0.02616776842882817
-0.5123314318078661
1.850521948849481
-0.1595033936274328
0.03989630896529477
-0.5542843997525376
-0.1639307054605453
0.01878550396009852
-0.3565290138216965
-1.225054788113231
0.569873813094964
-1.127459873236804
0.1494333792057184
-0.6412003309596551
1.132512060991152
-0.840456740585331
-0.2729162811798948
0.5746596968785379
-0.2317187199548726
-2.198602303187348
0.178253155124602
0.7291425838790498
-0.6497986884478428
0.4252206276290256
0.4371682631519276
-0.8151907311800367
-0.5885061137627886
0.4523151402450299
-0.7634407877004937
0.535770819831788
-0.6375136507353413
-3.081296331500722
-0.9091397967291549
2.566529640212259
-0.4884193673070664
0.001743957553136598
-0.4260054553770028
-0.49533403579499
0.2931247304004594
-0.7563862528696161
-0.8593634181464528
0.6210482299489885
-1.31082760980099
0.3804788200859167
-0.5790832483853604
1.233963559824141
-0.8422413711434378
-0.4910584869221468
0.6588478422611392
-0.07722542625378102
-2.596174972965192
0.6666941542409693
0.9949902025834567
-0.5484125681578225
0.555220953336519
0.4236637840514023
-0.7424116542640267
-1.170688022995674
0.7326815756227165
-0.6581185536302991
0.4508211287553737
-0.5921019870992319
-2.933546859382601
-0.9305098013851693
2.731412359770114
-0.2008908793208646
-0.6397194190246827
0.04975477358064212
-0.2900716621171543
-0.03771716343395171
-0.2853361493934694
1.85276289051179
-0.05659366552879908
0.2070733099760865
-0.05243427323328159
0.1176290740088803
-0.360962363925914
0.289665285698298
0.115161628305191
-0.1846052717094352
-0.09343836500349549
-2.401005038350262
0.4481954821456666
-0.395339603461403
0.06662534026154517
-0.2566241957700653
0.01811616534054828
0.1879904671420254
-5.484046895459509
-0.3667746769265405
0.2309302316620407
-0.0794425488033952
0.1302259769590658
1.009010976421717
0.05428781192476682
2.315972591453207
-0.3610335970213387
-0.2899216926570729
-0.3790083877684935
-0.4888509579071947
-0.6428434778300641
-0.2828575799618715
-0.8793230649970003
0.07749290796241025
0.0293801480196873
-0.31040045737635
-0.3544436276512795
0.02288274060294402
-0.1384529713524836
-0.4050685759442334
-0.8526231901527399
-0.3376641202868316
-1.615749841751158
-0.3941637075077117
-0.5108890579671858
-0.3644212634780105
-0.2028955915297864
-0.6976681925193177
-0.1690704823974466
0.4522704294604
-0.4403058380510773
-0.1960056751403748
0.1129812905259441
-0.2348374568455848
-1.312721177249615
-0.2133472991396939
2.644256475516978
-0.8217572688272187
-0.5777208698406224
0.2664596040990437
-0.9233756982208319
0.3920012872224704
-0.9562178291498904
1.399829832246076
0.02124017024031274
0.09958964386523239
-0.008812157836890312
0.2824289396818258
-0.07302983693068896
0.3097625937925155
-0.4835536707240334
-0.06381081802257367
-0.1677700159105306
-2.727219352944648
0.5076147196297963
0.05463869087802988
0.2567832139875793
-0.2420687665877906
-0.2021108542121074
0.2313405120732017
-4.729917122175
0.05658510248514777
0.2901991048547273
-0.2209668996383716
0.2535469385805739
0.02714115189896804
0.2063892136194614
2.32387118891861
-0.5893066368444347
-0.5554718616407369
-0.08900354131143999
-0.7216048076403023
-0.1263201682485039
-0.4290821560538627
-0.8108442106429278
-0.827139727178604
0.08652338717740114
-0.3584832999372471
-0.1734489341925339
-0.7482026232419268
0.05138995257626475
-0.5948857770384554
-0.5057078484528581
-0.3892544052200155
-1.45661819540978
-0.1099163787291965
-0.3247343756094423
-0.1463767602079769
-0.5772652687585866
-0.7060940869625698
0.1097584961883495
1.405658581236693
-0.3016581586260401
0.005045283868144173
-0.5568899109874518
-0.001207213173207575
-0.03908553446401238
-0.07613836578115674
2.084161860671719
-1.9145708678796
0.2428730254067306
-0.2664182637461629
-1.913936592119806
-0.2939768224841582
-2.205876014315991
-0.7259874605385755
0.3281913385034632
-0.3625636414455223
0.9682753668842471
-0.371635416915003
0.3295056253500518
-0.2531189295678931
-1.11922641887224
-0.7033017827282396
0.7611286202584833
-0.7519963392140215
1.08342317162037
0.0826588452288194
-0.3290157304985011
0.6002736101908355
-1.102350197071037
-0.5051775152700656
0.8094832717106686
0.1368392537120981
-0.4771164927457329
-0.00209246205795928
-0.1762066154361471
2.293752174978758
-0.2973995533931423
1.463652432800353
-0.8536565687948185
-0.5787786356490402
-0.6317310915971842
-0.8087261744265158
-0.6619810728723183
-1.309514766107186
0.228177495600678
-0.4844033954795625
-0.864974406905369
0.2065360846585723
-0.7510730002849891
-0.1896444789250085
-0.7083157746333549
-0.5581243121834257
-0.4983909442710276
-0.2704085303881922
1.195916460427373
1.123601609416698
-0.3502070821072562
-0.7133083307596308
-0.4075223405715112
-0.4082205840051348
-1.275911539750848
0.7194448141501824
-0.3740175361395293
-1.236055076854054
-0.9239227943014438
-0.5821006920889397
1.687328763897866
-0.7182276256101621
1.412040042255898
-0.4567966394516418
-0.2988282356008947
-0.4218875317805211
-0.5230440687355536
-0.5934559188303676
-0.4706757033450097
-0.6762987072760461
0.4450083574040032
-0.23869819651497
-0.4012543321275003
-0.3515865626224683
0.3290181920187854
-0.3193982967879293
-0.5209683546973626
-0.716169930328026
-0.4818619072847948
-1.398320608602674
-0.5012180128184769
-0.3613255220137357
-0.4170199265134745
0.0111538738103061
-0.6087259355140788
-0.2660757858580168
-0.9650268339714703
-0.3916063923181804
-0.267555319967803
0.3859123102455929
-0.3150219468601271
-2.411881718604423
-0.2917486012600792
2.561549199372063
-0.3441736415158464
-0.2525466698879649
-0.3323453666827466
-0.4614785894411108
-0.6416853515440353
-0.2939868541675709
-0.9542400964668013
-0.03069991384284248
0.06916429025641492
-0.3081390512105781
-0.3475112418928473
-0.06918936111385904
-0.1151569765683105
-0.3670914354581677
-0.8636743848720134
-0.2788620758616612
-1.696632523663401
-0.3759200271808229
-0.4965729030798078
-0.3491311117046878
-0.2167188028442713
-0.7277486806419168
-0.09112678123912739
0.7054705523831701
-0.4722833594791792
-0.2061460709595845
0.08683254522792339
-0.1804644928994817
-1.169297912161984
-0.1811997685100896
2.68246542782297
-2.033933504373538
-0.9146869303692133
-1.456950621111827
-4.772819846647103
-1.835325499004051
-2.113196888520361
-2.277479636254282
-4.541438436499877
-1.305000599338099
-3.626897017152551
-1.244135043116486
-2.35723395926303
-2.281155907749904
-1.558682181330257
-1.214574665943012
10.12954051284873
-0.4388875973084337
2.352216167650188
0.5234526388733143
0.364817183779867
0.2173846687141937
2.301237755327451
2.434362282096793
3.958319102264682
2.766105060170601
4.010979235888819
0.7736375280853953
0.2830579918772762
-0.3422798327799891
4.106881140767335
2.524096826097298
-9.255740791289899
0.2026631130847661
-0.05405581653463287
-0.3251626542422329
-3.81833240441031
0.4409755139054477
3.807766150157537
3.991371074989759
0.3556011107793787
-0.0670112835543768
0.7662213812907535
-0.740680195292018
-3.635595566676749
-1.195837261886799
0.4149676679209308
-0.1774737985937234
0.8122251387415999
-1.822985396209847
1.033467558990247
-0.9402766929959731
1.462772810866103
-1.490376365683754
2.111217941945387
1.963664116185373
-2.694033389039889
0.7694945658967396
-1.989306017811654
-0.2557560898439545
4.349074767894907
1.582665665455632
0.2189644258477478
0.7731694496326413
-0.6931516713675914
3.986760899724273
-2.140900747318856
1.590263994379402
0.5020043396707566
3.883602554314512
-0.8851487868853716
-0.7864662112450477
-0.1101584658766562
-1.761427990493758
-0.5456579201941492
-0.9728169292527862
-0.4219964832064651
4.029276471004056
-1.436807050438081
-1.860314387153287
-0.0613743144846225
-0.7251848654680397
-1.414490866856057
-1.636290065906236
6.041973283578815
-1.504550599719595
-2.530490757061568
-3.13538528153784
-2.745666999542052
-1.140357248316279
-3.251714634136644
-1.070430514792722
0.6919749598568998
-0.8956443092285714
-1.030049383416607
-1.15663150856697
4.420451566555226
-1.985008449903347
-1.968959535254361
-1.562315810419886
-3.914168618347406
-1.682879498300069
-2.678365360838702
-2.451293969004138
4.276050742226351
-1.691719633047577
2.500399632590812
-1.442626091171873
-3.066244064567628
-2.007159664746939
-1.466558736995432
-1.732366924191477
4.29317085278623
2.3102723680636
2.661666070238268
2.04966374319741
-1.499787914316862
1.938163351545335
1.631555820078471
1.431317854270243
-0.8014715581381225
2.512999695323631
-0.6775496706485494
2.712670757727459
-1.77742708288948
-0.2188117842142849
2.139886251305068
2.656208326057745
-4.988551475066779
-1.200843955910727
-0.7792765102840226
-0.5202317965926102
4.498819213110044
-0.892422616010493
0.1139649988078269
1.006673527656496
2.620319469962088
-0.7883109177684805
3.156290389013647
-0.3166662243682677
1.847074010752897
-1.28462451201104
-0.8797755863671538
-0.7951097943311859
-1.791364374643977
1.66960729542893
1.253193301500224
2.172842374809057
1.185671616967443
0.9329206365570701
-1.781669750415346
-2.130096557204261
-0.2759897229482983
0.7166255726310795
-0.3160779088660824
2.579128435851097
4.134242561261737
2.507014618803263
-0.5003971894147954
0.9145581550727313
-2.891584167743624
