3.813570422152786
-0.2078984498858002
-2.946034173254874
-1.728445112591912
0.8526534670677931
-0.2643527710684939
-3.942385550426655
-6.962772389444971
-5.955304605248481
-3.416922821964701
-0.7423564796909002
-4.936744139062532
-8.277682083633247
-8.117824808655824
-6.468093554676016
-3.988489515763217
-7.854361751315001
-10.92793597054205
-10.83126750187741
-9.696993640909852
-9.357719673879208
-13.00992911229986
-15.76789119917486
-15.58844797082349
-14.48807486398403
104.1347853664804
13.04563051404747
-71.59900713236503
-130.7725752007544
-206.1128961225304
105.6319116023738
22.54113919219617
-53.09908374327463
-108.5043068296426
-189.4964727228175
113.4026416173182
26.75473366115275
-50.74499804055622
-110.9227813964078
-198.7720573511925
103.2484905497855
6.791158459281863
-71.61684193612811
-132.7493589286417
-224.2115507542277
98.91339593665823
-4.704125885654303
-90.03264890575524
-162.1024557864912
-259.5774099970377
5.852651082513381
-6.806337068260417
-12.9935086760282
-17.37959140272344
-24.42310320368968
0.5053800687668243
-9.216600049108429
-13.75797647271255
-16.97213176421914
-23.85362888630181
-4.631577539188982
-12.07624898775437
-15.91217948084269
-18.39409436111351
-25.02917336217413
-16.33953412061242
-21.3638031096026
-22.68460094191038
-23.73282524694466
-29.75483471716711
-29.96442654668836
-34.13975622787098
-33.97096549609099
-33.67052576984956
-37.95794475859116
-14.91620946723934
-19.53375569916493
-28.46279740295393
-37.62445149912418
-38.07771702663618
19.70602575762236
16.8986949578031
17.65975860929833
12.95805312110545
1.641783372698449
10.45609025437849
7.81374942483261
13.36208086689629
10.88241863423831
-2.801103566402303
3.748259914250329
5.039192390166953
6.656620219377727
9.453106483796276
1.416238450199148
-0.7291719942132249
0.7943563838368192
0.2558591720586715
8.332243479649673
8.803007643764252
-5.000455774650961
-2.570762452903295
-0.02504202293172582
8.352260003521112
5.026212830744525
-5.537536872063487
-2.68153985001676
-2.009491848015247
5.242011798979664
-0.2737495016838706
-6.515930302027308
-3.889950332904061
-2.750608483217123
3.201045269494522
-2.89191611062226
-6.477328637652087
-4.84710363991675
-1.911476949135002
2.833866282310293
-3.698636507807837
-7.165710177897485
-8.828333507280933
-1.022572077159621
7.744512017102094
1.75551491317138
-26.96236850926833
-18.68350877613358
-11.39148199032036
-15.06562817087502
-15.45589471910825
11.30561966237754
17.66264336547939
28.50019514337556
25.44770578778249
24.93316375738269
4.775933133619819
-2.64793783795723
-7.095390057764103
-2.464374653574704
6.347338697070155
7.896352447733893
-2.37605975622266
-8.014247665207954
-1.66668668997683
2.280832002648128
11.22174311040995
2.575156730099604
-5.815189525139623
2.319370751790219
7.911609967269129
-3.266040416273986
-2.933944679193512
-2.752165312195163
-2.065574900357582
-2.091595854339201
-2.596742499669573
-2.851253629835627
-2.950076885037149
-2.398009223552678
-2.241232920846529
-1.699034397547135
-1.955432975591032
-2.451345407758629
-2.412322799515048
-2.159250719948706
-0.4513445116703294
-0.8650074598499815
-1.709903964736357
-2.384505843805831
-1.983981803862115
0.2953180914462611
0.1143737005258689
-1.030581166077274
-2.33391579412183
-2.240614173875175
-0.1883404324731005
-0.1902509982675856
-0.1489990184732549
0.03707994779575143
0.1135403749077747
-0.1350061787443149
-0.130427770688524
-0.1198185041136481
0.01652174356401424
0.08730779247819412
-0.09466483817482926
-0.08542568303975646
-0.06662556576353713
0.02953688121177347
0.1297763373188366
-0.0487597168570455
-0.08443744696107873
-0.08559169592154693
-0.003248910462386079
0.08868995319359671
-0.03705119360159127
-0.03399653239129528
-0.0880669277945825
-0.04927329185622448
-0.01243691181842188
-4.81249483379803
-3.71463426534336
-4.327332176679016
-5.318318721278104
-7.805703566631814
-2.645757458955105
-1.158491185460469
-1.439439117166297
-1.708535205111195
-3.76921274876734
-2.999157847422187
-1.406330866911283
-1.585193720504123
-1.755165696399142
-3.909015855463676
-3.456455904508817
-2.064448514901007
-2.374047440743925
-2.244843645654061
-4.380034854659202
-3.723721473903543
-2.616642334598899
-3.433231123167304
-3.347573949538717
-5.214273266309177
48.42930581663711
16.32910633663765
-13.06271974370624
-41.68092958366393
-65.69080218186676
35.5172012733494
10.47592074616268
-9.164238282988025
-28.90656056961166
-48.67087499473081
42.63671804119966
3.569412915751672
-20.53941002769303
-39.38100721395607
-53.3263150905021
56.53867811656691
5.742427682710591
-26.52360632622908
-50.52185466868171
-58.82302987430356
73.06194352783039
16.35216326412637
-24.6097405468034
-58.53357121818325
-66.62966764138511
29.78377502564779
-1.783060922113181
-21.72965372201676
-62.82394241533564
-87.02770115570264
45.11243091414692
14.37482353279194
-5.10746398821926
-44.23219298939571
-77.89221992441713
51.66805726634639
20.52873444832742
-5.657632171806455
-49.77493417189383
-95.97208321278306
61.94740124858041
30.99888573629798
0.2373908172394598
-45.22759925538828
-100.1598053763242
82.68209815788101
49.72710251000181
9.756841997367603
-42.09015134782052
-101.3036042923697
-144.2803668996621
-92.41238744273393
-106.2858012823503
-162.6556230340613
-165.0593167390429
50.64825457286343
100.6500077151712
73.98685289310961
29.99791528363841
7.06604180552377
8.454616469747368
92.55204342326941
67.40783824247021
68.13620429095856
47.30853777807352
-64.754525339599
25.39528361142111
-7.647308658150044
37.84952009171607
41.23889539834587
-100.0872132309646
-24.98640718197229
-89.00754501685819
-7.160588194974935
32.35821928942372
-2.512110974704655
-1.701994884260305
2.163337978000893
2.922474981260945
6.714933469704161
-8.298218299384462
-2.690647795489195
2.644932505193315
2.419843511696222
3.644221629308564
-15.60870069386085
-4.327278102122302
3.846735975049945
9.310977482179663
13.28679706663342
-7.196418952037379
-3.309220871910959
-3.460584999842435
-2.004559294466148
-1.013503484663935
-6.121523436509659
-6.784168029248821
-9.549979623829477
-12.62161158836282
-20.96436078248971
5.286053970432578
3.782963447697866
2.075772008584213
1.242600415501687
-0.5398330739672167
1.271043977411383
0.6600651829647863
-0.4126764075999176
-1.079735595843073
-3.808403813419427
-1.003396438592214
-0.8642196924226798
-1.950113037560402
-2.971552989672194
-7.154982905337048
-8.168134118267805
-7.242055202497177
-7.872181498493803
-8.588238716169764
-13.61626559038015
-14.24930874337215
-13.82530538985943
-14.27676587660689
-15.05678101286714
-21.35658241078932
-8.756544370562166
-7.044626544180393
-6.795320208249112
-7.530700767513717
-7.951075072774395
-6.418383457446089
-3.965076065428476
-2.885398589018329
-2.55997070881005
-1.963588351019352
-6.286566646784548
-3.269211882407706
-1.687273440237445
-0.7609204612159974
-0.03507842697279203
-6.931401049131519
-3.024233697573173
-0.9758438092313581
0.5771059804130603
0.7231442306270536
-7.959273309671921
-3.528829960692188
-1.18142049042767
0.2164905910196105
1.11105799716249
126.0931578589302
25.33585764781123
-66.98177919263701
-130.6183725608664
-204.4337208360224
132.4930045259661
42.68312039639983
-40.08384346141912
-98.3919584132649
-186.7840768393047
120.9426555776948
40.93333437712851
-40.5513766555259
-90.93859918753586
-187.7931918097894
97.4489182492276
22.21145650944312
-55.50655544911853
-106.0028357735369
-207.6000095508687
85.41155001079736
11.00551968413355
-69.22877550311911
-129.000875498389
-235.714513498414
1.496745771276492
-0.1989002356442904
-0.4432068271766605
0.506871032144762
-0.1496452872424247
0.2768450284392148
-1.47096102628903
-1.986262186984518
-1.03896122686326
-1.866541163227728
0.01288901343599208
-2.327463364770251
-3.499728829096008
-2.605414807467422
-3.540968798189569
-1.04512740547994
-3.650370805729287
-5.418971540020077
-4.707268453819847
-5.876445926855484
-1.917315154377266
-4.736139395101072
-7.28884324169251
-7.249024905833048
-8.87485175502464
147.6713668478556
14.84125374020336
-99.83394891408915
-224.4799574839148
-351.9434482356812
207.1626627998518
69.95913014366225
-54.98826510092288
-188.6463907659306
-337.2473629692783
193.7758236974116
74.32873309499833
-51.69591294562837
-180.8288051229355
-336.6593369635278
138.6506064189674
30.48357001315989
-87.18437867925077
-208.9809141801517
-363.1290861305433
83.30848967263078
-13.20910483844649
-122.9237187469194
-236.2116133263337
-384.9819334253185
54.06749176832459
29.29864454882224
19.67503896427636
-12.72956389420882
-31.61339657537001
29.03891736900283
11.87913554877104
11.21301513491972
-12.9413341734713
-31.81767826032895
26.85796683231944
-1.032745905906288
-6.233508230262752
-25.36297540898074
-41.18562468194578
29.05742773647643
-7.23855209913012
-17.89946947748192
-35.20944608014916
-44.94364471372092
23.68059536276996
-16.70690223517522
-32.38761629694189
-49.80953155619186
-54.42485880577407
-3.457492306808286
-2.528421205102695
-4.439212374623392
-9.831803517711659
-14.13843820540996
-2.757820328672467
-0.4810603956505694
3.93079929931893
6.353006340110289
1.53066755077014
-5.309370365558991
-3.367295878984447
3.867568235382132
5.867162413099177
1.653913059077033
-6.929772013964799
-2.459135719235217
1.389924082919807
3.709032455778274
2.423428416513546
-8.968437310946301
-3.85244379789842
-3.350406299215838
0.9540989873796513
5.298500246238918
91.95667378002103
12.09278676454774
-58.20734933150681
-115.0878760779693
-183.5382168165883
98.31436314987106
27.35668552006967
-39.01163718950991
-95.13329988313107
-174.5142789351163
99.98126220300978
38.69740868159498
-25.92370005223362
-80.6128764363482
-168.8378117377262
87.93262891316817
30.9609511398769
-28.34719190281244
-79.69399320012094
-167.9810060075669
90.32916993419697
37.83787091726469
-19.79245018330536
-70.5445585068893
-155.919401659445
-3.234352663767055
-4.242336500931893
-5.143367631886107
-4.991566346440514
-4.665752629101844
-2.000898069731913
-3.688596448927156
-5.255977837243326
-5.776217091748398
-5.713076157986782
-1.065698695253585
-2.785459845777776
-4.830405811238324
-6.001089816716663
-6.448988101823788
0.4041813930613059
-1.529502606132638
-4.259699704233268
-6.626862420560662
-7.901921354518188
1.11875165479252
-0.9795333012444528
-4.891868438325153
-8.438463107494554
-10.43297750704106
-5.760495616925142
-6.67451394786456
-10.54449585356305
-14.00303664299764
-15.5549514044252
7.435639876119676
6.374435972194863
2.763913585384375
-4.253509953485135
-10.12714517727695
1.629339180854756
1.103080167986376
-0.6403012519696957
-2.089579810449588
-6.292130692194092
-1.078982689062629
-1.005226894657939
-0.7115891754691724
1.700125109924095
1.304968826574348
-3.707231351428076
-3.454380013032162
-1.817403510861952
4.742342792472556
8.92123125125393
-12.73596287470258
-46.65041117708557
-53.01945446286209
-26.74932682512639
-17.77798600675386
43.85237553980443
4.989792835500553
-9.897933873203533
5.70228680563697
2.25812216825061
37.78544589156213
5.993670055610361
-7.378160900092495
3.561367675347436
-0.4952244517704978
32.70826629578941
3.826513092199696
-7.360481213706411
4.154727494109745
3.970572524153062
25.49881634631099
1.719485184075916
-5.822808416874264
6.033582679271363
4.51014737136538
1.133823428773973
-10.57247145216168
-24.98269365355613
-40.72162476952089
-52.09671069634047
29.22320662527614
17.35644081669679
6.511779805155803
-6.233210123969468
-19.22227745690747
22.02197681016643
11.88704188557398
6.69648453325661
-5.010566692339498
-16.81659053467726
14.99084545181868
10.08981912381216
3.690477461635217
-4.993657166189874
-16.13656205729497
10.48833148862409
6.948319081439
-0.7420841490831903
-7.083371012322092
-16.53089981833481
29.68811800914565
-18.9334117446958
-56.01411666493136
-78.74782106746665
-113.0767219866856
45.32618512082683
-1.053149980542296
-37.6358254901203
-57.88539372535249
-96.22146229186264
56.34867532573436
1.959631025434414
-42.78939073623786
-66.98758953283921
-109.3460655206778
59.47016901555158
1.556059977449807
-51.90132546064601
-82.98368767189156
-129.7355839709913
55.75687144246616
-3.927355109354752
-64.02481126182396
-105.9394796634172
-158.0518118308459
-0.6967790712680951
-0.770177433761997
-0.694731800641924
-0.5865515921693955
-0.5680746150859459
-0.5004038404225533
-0.5553416898364275
-0.5682368895857277
-0.6832772567629253
-0.8153145986465882
-0.319996209914829
-0.2644848792453184
-0.3107410768035763
-0.4851609014282438
-0.7452921789018425
-0.1081981229777266
0.08042977304301811
0.1584122383340734
-0.2454132380712375
-0.6436386111871235
0.5042637954231916
0.3521285246998563
0.1168107534149183
-0.3203859856635512
-0.7366873915549473
-6.082223238426947
0.04508754474853263
2.808396374374901
4.732249939718986
6.717392058194996
-6.306549934360932
-0.2852630888916138
0.2415508780409959
0.8868158816053892
4.160427421281216
7.687686715859797
22.03452826268283
26.33258439289382
30.12703447256631
33.63715547797388
-19.87621813224939
-3.819319527448909
0.8261347645655757
2.722874826787051
2.270427601672907
-39.42835739028644
-31.00021002299311
-31.59616385817857
-37.12597460330816
-47.00396001290261
2.468118821304044
-2.229399520567112
-1.595906656493608
2.006292017500358
2.895928323519668
0.3366695897216007
-4.24266454390314
-2.929140839564027
0.6386812852420617
2.30907586229123
6.35434358696942
2.029959918085554
1.613374343439321
6.919179565474532
9.949692455939566
-1.895907818867949
-0.6417258848890119
0.7770275725519886
2.901517618274662
4.656798698552083
-13.4684762534925
-9.618379513517656
-9.773149547856551
-11.30623702985541
-14.82529993903521
0.2261136888348469
0.0458292391839253
-0.002249764231860284
-0.2316370234731673
-0.4149028801651187
0.08776284041515314
-0.100372237955597
-0.1105755725844536
-0.2621290023684767
-0.4793967223119739
0.01679655771640501
-0.1190241177010101
-0.08858161087299052
-0.1976868524943421
-0.413266831537356
0.04274393875112751
-0.06874807562777209
-0.02786717392641159
-0.1548876163083887
-0.3088041463112395
0.06951595880449961
-0.05906888904306284
-0.05741237421030682
-0.1423418149820464
-0.2868149162687051
