-0.03322452751478076
-0.04633633474439795
-0.004444151793367353
-0.03378586342167645
0.0008581005550411397
-0.001438632914883314
-0.03106323133828851
-0.05351316811214453
-0.05769759486520992
-0.01002554493529739
0.01959572504179399
0.05970525168310519
-0.03158573494165715
-0.05051191052158359
0.02381312843266731
-0.09188602836398978
-0.0618264980898716
0.0350406746178587
-0.06199446755825754
-0.03760663085402507
0.0689385040463409
-0.03389699544194388
-0.005450331576532973
-0.05710626234759569
-0.002956153334980594
-0.06476802013513065
0.03717295538612582
-0.09393646882217155
0.0009921268097786192
0.18803268735382
