-0.1107020705541709
0.04653182032654956
0.1026716284832017
0.01219134798669135
-0.0319436664109396
-0.0203008181290292
-0.1133057721750194
0.02384084000984909
-0.06303435903930064
-0.008021188358455694
0.1156636383740164
0.08025583543364857
0.05392649205339661
-0.02868587377797172
-0.02296290638719029
-0.06183907490270266
-0.08618770124241955
-0.06055980706075482
0.09624497995293169
-0.04946239435677208
-0.05347762154512419
0.08295108473296817
0.04357425284462823
0.1220541036554947
0.01103993789387093
