0.03257920725885041
-0.08036892232909854
0.08779986282994633
0.02981650879544341
0.02145649587137858
0.03300176598389692
0.05958174083481239
0.03656955308535777
-0.0107047621565489
-0.0567229625996805
-0.008267617567406795
0.04447240979527292
0.09079611290879096
0.01524999954333812
-0.1291087171094011
0.06580964499844943
0.05133949522122518
-0.02289819335140953
-0.06567650035537194
-0.07850873510753936
0.01060081874389168
0.09777148715661121
0.07716688687595596
0.06645410736432085
-0.1341839590327427
