-0.8335833011449681
0.8335958414776676
-0.8336286838090625
-0.06829064978606748
-0.8417964308118392
0.8417458618898118
-0.8417391121242338
-0.06756132257048351
-0.8377958414227225
0.8378521168334201
-0.8377910412585328
-0.06790560786861191
-0.8364351877218856
0.8364585572566292
-0.836423798356321
-0.06807683132296359
-0.8466294549648243
0.8465592094371291
-0.8466384377456369
-0.06712878387107615
-0.8467883244175748
0.846716544595169
-0.8467808559310872
-0.067131115948772
-0.8540679401791603
0.8540006059608055
-0.854039951242395
-0.06631846763194207
-0.8511713042231982
0.8511802234234099
-0.8511388428923764
-0.0666473314770453
-0.8503408830341831
0.8502494212337758
-0.8502688905588428
-0.06674738313516743
-0.8394807125341195
0.8394679929745836
-0.8395171514575119
-0.06780512348761593
-0.8611545270717923
0.8611664441637967
-0.8610885353196789
-0.06530775708465064
-0.8519786504255615
0.8519913181698944
-0.8520177683129162
-0.06650187509952911
-0.8460180752775996
0.84601239682607
-0.8460811640104009
-0.06714405961647529
-0.8407130530082596
0.8406799744880584
-0.8407519750941701
-0.06767429038133539
-0.832679877732258
0.832668531844556
-0.8326528953750322
-0.06829533302619821
-0.8414787063345058
0.841435723335017
-0.8414030249534489
-0.06764974300898187
-0.8489616053419594
0.8489748343984137
-0.8489610379838789
-0.06683237966872116
-0.8675185511856041
0.8674831891172099
-0.8675379851900762
-0.06441885483710103
-0.849187350622055
0.8492104633932603
-0.8491979782365805
-0.06679094731581538
-0.8419351573192484
0.8419211923329064
-0.8419235120332714
-0.06762699180448939
-0.8650425053614251
0.8650714184767292
-0.8651025434490631
-0.06484722431308829
-0.8195329707953718
0.819529845216926
-0.8195644512144165
-0.06912242130003739
-0.8470745558387366
0.8470555863107704
-0.8471165501817091
-0.06705006507790189
-0.8302765309578266
0.8302482654684549
-0.8302461307767628
-0.0685454449580875
-0.8288627217124337
0.8288786528186601
-0.8288515256682946
-0.06855514576856432
-0.8312654662598071
0.8313377973373535
-0.8313082589253202
-0.06845238208442719
-0.8557897711260477
0.8558317946947142
-0.8558628289831444
-0.06608409173185041
-0.862111681223742
0.8620783272349001
-0.8620689001387132
-0.06520172670766122
-0.8464332635892513
0.8464115657130578
-0.8464002522805976
-0.06713900518800719
-0.8314057711780561
0.8313824786130255
-0.8313956630349604
-0.06847121505328609
-0.8421425758218528
0.8421684275290258
-0.8421246206034028
-0.06754581400380516
-0.8552447060410681
0.8552906476583831
-0.8552912596062328
-0.06609234052477489
-0.8419719363978628
0.8418984516003326
-0.841930428751542
-0.06756457794276047
-0.8612962563405038
0.8612938176012812
-0.8612942517786502
-0.06529206547263451
-0.8447969356416859
0.8447654671758401
-0.844839952683203
-0.06731120091354012
-0.8414199018020861
0.8414548433909114
-0.8414787848349693
-0.06765258265521983
-0.8760219147342978
0.8760092867226998
-0.8759871563293593
-0.06308375554393711
-0.8512657936551805
0.8512747396265395
-0.8512256142892419
-0.06659752959089396
-0.8375517388517917
0.8375446711146188
-0.8375270684047901
-0.06794963791645463
-0.8238525173064547
0.8238695080684341
-0.8238545743873577
-0.06895250835841284
-0.8299609522491875
0.8299439087790075
-0.8299007204141833
-0.06856192850014624
-0.8521296706074007
0.8520724247948089
-0.8521357824218577
-0.0664662974968064
-0.8596629277057406
0.8596250845713753
-0.859637338539752
-0.06550355819581792
-0.8385963768024871
0.8386601813900523
-0.8386829814513561
-0.06782310435993268
-0.8555861710580657
0.8555855013900558
-0.8555867389649745
-0.06608936351832055
-0.8332387456489024
0.8331866334111883
-0.8332495600817073
-0.06833128761345948
-0.8421491958289973
0.8421038718682614
-0.8421284139902805
-0.06754358916439518
-0.8498737077771038
0.8498640993361135
-0.8498836588274085
-0.06672462636374904
-0.821563272546775
0.8215869014203505
-0.8216293764102893
-0.06905088271753802
-0.8543960751719086
0.854390242554921
-0.8544162740555465
-0.06620712951281937
-0.8386843009686448
0.8387460154996441
-0.8387218834502222
-0.06781787491826641
-0.8377332012771131
0.8377345332651839
-0.8376707683950338
-0.0679212943984439
-0.8542182720749153
0.8541807993700997
-0.854188847676509
-0.06625654951954373
-0.8511011840066384
0.8511302090297098
-0.8510781964246049
-0.06662322270297756
-0.8540696435808784
0.8539971140638699
-0.8540661850761259
-0.06630184840767094
-0.8356480587239242
0.8356594282203739
-0.8356888875911536
-0.06808002346926202
-0.8298512597919844
0.8298793254312667
-0.8298342494209153
-0.06854853690513704
-0.8396911760051281
0.8396102205147608
-0.8396311703013456
-0.06783075290577809
-0.850202002233727
0.8502051844965626
-0.8502732045226543
-0.06674555638781464
-0.854472259593189
0.8544680044372475
-0.85438503058371
-0.06624826835391696
-0.8413894781858685
0.8413644037329037
-0.8413502885386658
-0.06757091360228808
-0.8625944206315468
0.8625605484307957
-0.8625406261514992
-0.06517001372352065
-0.8437141475644672
0.8437649988315084
-0.8437219793355373
-0.06741408651591504
-0.8586541885703622
0.8586677486955074
-0.8586650782403874
-0.06562954300255282
-0.863608400875794
0.8636561473412179
-0.8636575467769267
-0.06500676274429941
-0.8516240005380092
0.851601651315669
-0.8515592352581465
-0.0665412327001679
-0.8397188076621617
0.8396932036935926
-0.8396393755187138
-0.06782468901552556
-0.8508439398640084
0.8508807418923315
-0.8508902180300558
-0.0666877628632913
-0.849350746434743
0.8492553854911635
-0.849258285279811
-0.06681763116923023
-0.8478836527762112
0.8479006752668132
-0.8478973454890477
-0.06701517935530467
-0.8406345681720754
0.8405809174457658
-0.8406050919836126
-0.06768257687914409
-0.8581137564804868
0.8580922523977131
-0.8580649387433427
-0.06579030634745543
-0.8463611267136562
0.8463870409323173
-0.846421646982475
-0.06710159402244646
-0.8532934942597182
0.853301304267037
-0.8532607208936451
-0.06640155052378277
-0.8379171135584954
0.8379115251066733
-0.8379417797785497
-0.06794668642704275
-0.8499216897303603
0.8498819589207598
-0.849901198991974
-0.06677352289783287
-0.8277098508614619
0.8276877110015533
-0.8277290917044635
-0.06870566886978884
-0.8271522297012376
0.8272141787760942
-0.8272141385357411
-0.06872651572475821
-0.8231085012454387
0.8230843669478984
-0.8230915160387058
-0.06893307111548939
-0.8487179879202172
0.8487381524837333
-0.8487684095732299
-0.06689980649160844
-0.836554949404373
0.836590086264719
-0.8366164489047695
-0.06808073786715749
-0.8497252991386642
0.8497395198719598
-0.8497054780567855
-0.06672658085370817
-0.8631196066090148
0.8631233937523121
-0.8631458939318912
-0.06507320666703624
-0.8321568263167137
0.8321150860659208
-0.8321322990563674
-0.0683660637614671
-0.8345057261234406
0.8345471324300834
-0.8344824927471258
-0.06818389279170203
-0.8363139670944106
0.8362786470176751
-0.8362848881094844
-0.06806596594950605
-0.864670013871655
0.8646566236889918
-0.8646767622117506
-0.06482685477993205
-0.8380774543714261
0.8380270587591706
-0.8380515475114708
-0.06793792399847971
-0.8545266106511074
0.854575759258757
-0.8545732623174147
-0.06613909676089547
-0.8422971978325781
0.8423337365890938
-0.8422808955671105
-0.06753240639647867
-0.8556099792452684
0.8556403200876262
-0.855628472607607
-0.06606914943164055
-0.854167372678313
0.8541620071678393
-0.8541286603540459
-0.06622481114280726
-0.8519782799413314
0.8519762664380358
-0.8520205434372728
-0.06653345378990165
-0.8414863154842175
0.8414357973931244
-0.8414847474856416
-0.06760258537779745
-0.8279962537835084
0.8280271651682789
-0.8280290458771756
-0.06861598302768915
-0.8562354998576089
0.8563091303964596
-0.8563134111263795
-0.06596375697674466
-0.8457366387721316
0.8457348549835541
-0.8457419098474276
-0.06724232807621294
-0.8558083534007064
0.8557541395587231
-0.8557959894492801
-0.06607713707068304
-0.8494620413683568
0.8494320389578195
-0.8494525758568366
-0.06683954184065272
-0.8561550506667562
0.8561678605814852
-0.8561784125088684
-0.06595454884541722
-0.20530705055572
-0.2077038577565831
-0.2065613421745977
-0.206100282469643
-0.2091370565140942
-0.2091549753133065
-0.2113578928407351
-0.2105078927137733
-0.2102426598874843
-0.2070142510992375
-0.2135199287224477
-0.2106812095618663
-0.2089418324032071
-0.2074161856730379
-0.205022648207873
-0.2076117414634221
-0.2098246808874533
-0.2154536190719753
-0.2099084725042655
-0.2077121223644936
-0.2146584380594511
-0.2011846235634692
-0.20929561083951
-0.2042782082291403
-0.2039370788382841
-0.2046361273633705
-0.2119112836917753
-0.2137715232041159
-0.2090893944994066
-0.2046792418296331
-0.2078197573482979
-0.2117234444225572
-0.2077344829955049
-0.2135363196006975
-0.2086192565149957
-0.2075695102092922
-0.2180357074706663
-0.2105351335967336
-0.2064025696281166
-0.2024646102229766
-0.2041668546257897
-0.2107120275921759
-0.2130606218807496
-0.2067789909728374
-0.2118264940977771
-0.2051622135149682
-0.2077930106859459
-0.2100858780151364
-0.2017651513118221
-0.2114976474469709
-0.2068206831114571
-0.2065146003961557
-0.2113563908372378
-0.210467418370994
-0.2112823309800911
-0.2058654948255643
-0.2041793598809749
-0.2070972834316293
-0.2102181315618908
-0.2114183332070898
-0.207607399187124
-0.2138845078504792
-0.208274511922302
-0.212742062785913
-0.2142598450107466
-0.2106181963708146
-0.2070944290905174
-0.2104078322323528
-0.2099087033539421
-0.2095294435185977
-0.2073402350681124
-0.2125474690174912
-0.2090998625761166
-0.2110954013892559
-0.2065195625072586
-0.2101425629288661
-0.2036014211981534
-0.2034236893950213
-0.2021884340009533
-0.2097885805328127
-0.2061478557715057
-0.2100227236595653
-0.2141075139294852
-0.2048835921335219
-0.2055960453448159
-0.2060950532328037
-0.2145859888660216
-0.2065662496377866
-0.2115237186854129
-0.207836804983402
-0.2117809059999535
-0.2113877550310019
-0.210762799504278
-0.2076311424145731
-0.2036110117402528
-0.2120417811391053
-0.2088406913146521
-0.2118750481683389
-0.209950184364387
-0.2120282831487105
1.657257569724466
-0.2038275496244633
-0.2061381526813667
-0.2050096375520762
-0.2045913919612865
-0.2075619421554729
-0.2075860389668671
-0.2096892389978138
-0.2088402277631848
-0.2086313874075747
-0.2054660307049507
-0.2118429696382218
-0.2091550829644493
-0.2074201260518138
-0.2058267740664647
-0.2035391983425404
-0.2060516054033024
-0.2082161439107947
-0.2137625211608305
-0.2083060114951534
-0.2062065955236961
-0.2130393685687357
-0.1998129213902667
-0.2077083043791495
-0.2028462648429185
-0.2024658126616338
-0.2031311848015287
-0.2102277544698964
-0.2121291922201589
-0.2075295906075945
-0.2031161883370068
-0.2062322840482498
-0.2101286761886021
-0.20618387588211
-0.211910618451731
-0.2069754680467931
-0.2061047593153483
-0.21632506348151
-0.2088860766601311
-0.2049725894397569
-0.2009907458396412
-0.20270232703737
-0.2091629975282471
-0.2113603247740023
-0.2053025271141382
-0.2101979825676379
-0.2037016858894128
-0.2062697560102646
-0.2085490864393683
-0.2003412794256617
-0.2098802261219018
-0.2052704591641281
-0.2049406894534251
-0.2097849464441412
-0.208826493136846
-0.209764643042413
-0.2043848987045946
-0.2027228662802463
-0.205577143396336
-0.2086580075027423
-0.2098313997759052
-0.2059940294028861
-0.212308487459906
-0.2067519074716313
-0.2111224745564684
-0.212587173223983
-0.2090599514912347
-0.2055403585383099
-0.2088002632581107
-0.2083959283997847
-0.2079139107249023
-0.2058513929425461
-0.2108960268066991
-0.2075300920490117
-0.2094664927303531
-0.2050133679003849
-0.2085310643293624
-0.2021340067856955
-0.2019857783604365
-0.200755951763737
-0.2082147467231995
-0.204642220927534
-0.2085179689531399
-0.2123974762046064
-0.2033275922850572
-0.2041114744507445
-0.2046035499433948
-0.2128819229662083
-0.205077669251013
-0.2099390795045126
-0.2062657179252674
-0.2102131711899169
-0.209823195584232
-0.2091063144691994
-0.2060577765008128
-0.2021842582089113
-0.2104368637676002
-0.2072713464742093
-0.2102718878737047
-0.2083538156812997
-0.2103643860906761
1.620340424731267
-0.2073073327615048
-0.2098458483680095
-0.20868295454374
-0.2081814334652243
-0.2113547020500587
-0.2113676364936291
-0.213655126260987
-0.2127251762091114
-0.2124724912235978
-0.2091935891155729
-0.2158883074757382
-0.2129938062844483
-0.2111873267898877
-0.2095709953409786
-0.2070768016745257
-0.2097576425500857
-0.2120412187457369
-0.2178850357677095
-0.2121526009893392
-0.2098828176894519
-0.2170603123826146
-0.2031106895432684
-0.2114978763003883
-0.2063655377693621
-0.2059508562650829
-0.2066692356386096
-0.2141443006722239
-0.2161524395628453
-0.2112890919991211
-0.2066827450253853
-0.2099881999474199
-0.21404580838888
-0.209931940023975
-0.2159137602356036
-0.2108033275240397
-0.2097627885546641
-0.220565066849389
-0.2127894636985853
-0.2086042476042058
-0.2044000136745841
-0.2062280321106074
-0.213066793251317
-0.2154251964248916
-0.2088712845688052
-0.2141213012373587
-0.2072287118891437
-0.2100092924855873
-0.2123929953872637
-0.2036913690499728
-0.2137466929869306
-0.2089113017166308
-0.2086043947106391
-0.2137106380669118
-0.2126735048234165
-0.2136002058846374
-0.2080094154533687
-0.2062371257366836
-0.2091744600570597
-0.2124175410871602
-0.2137300885809557
-0.2097574621351896
-0.2163178580170789
-0.2104810393056991
-0.2151121742145791
-0.2166061008940745
-0.2128976769359414
-0.2091907390483504
-0.2126118093297469
-0.2121503687630312
-0.2116995515183627
-0.209501410864596
-0.2149118950797807
-0.2112319276984825
-0.2134009760729451
-0.208727138281215
-0.2123934883963699
-0.2056234752814101
-0.2054613866153978
-0.2041995520040584
-0.2120263526310599
-0.2082366390341738
-0.2122868163771416
-0.216471646006874
-0.206878598732786
-0.2076342858475155
-0.2081877756717502
-0.2169822186516317
-0.2087681603101107
-0.2138527042672099
-0.2100336347351723
-0.2140842799664791
-0.2137027218575462
-0.2130090771412305
-0.2098017620274094
-0.2056622003699721
-0.2143798551493232
-0.2110663037359196
-0.214185373625563
-0.2122547709314826
-0.2142631942165713
1.732050427043632
-0.2032557683920306
-0.2056232317944876
-0.2044150297890252
-0.2040313412924908
-0.2070249780837235
-0.207075125597394
-0.2091132245001186
-0.2083301369518698
-0.208067894485351
-0.2049118247286996
-0.211298454332853
-0.2086021195655988
-0.2068235512226601
-0.2052527685208436
-0.2029719734417537
-0.2054515231593473
-0.20771255865561
-0.2131170277631758
-0.2077188165358638
-0.2056419223899982
-0.2123866297207481
-0.1992909232057802
-0.2071061331814809
-0.2022606820440694
-0.2018669152868779
-0.2025711382780079
-0.2097187059939732
-0.2115697924891266
-0.2069017696209593
-0.2026615540844399
-0.2057391491289899
-0.2095535018192577
-0.2056493779062337
-0.2113374742470349
-0.2065010995405241
-0.2054944842842194
-0.2156778359855533
-0.2083976376197957
-0.2044265006002785
-0.2004318915061835
-0.2022435238658254
-0.2086326360310176
-0.2108587990079737
-0.2046921834354259
-0.209638689370589
-0.2031137973056497
-0.2057054836929768
-0.2079598029397983
-0.1998217460492235
-0.2092733139919537
-0.2046875118790714
-0.2044322265398462
-0.2091720456872984
-0.2082822432889094
-0.2091772435042784
-0.2038346669982199
-0.2021887241806699
-0.2049798147115923
-0.2080101780633685
-0.2092890860480284
-0.2054744929544976
-0.2117004651403815
-0.2061266045081684
-0.2105927995464491
-0.2119887079425128
-0.2084047811050275
-0.2049834927062158
-0.2082836769255657
-0.2078241121261904
-0.2073429617870381
-0.2052155893593548
-0.2103839416841232
-0.2069006464512246
-0.2089901284547257
-0.2044713168781419
-0.2080116634005401
-0.2015502026048525
-0.201450267377993
-0.2002573032721421
-0.2075957992460419
-0.2040574623251599
-0.2079398163936607
-0.211892309210217
-0.2028100884426314
-0.2034818668901219
-0.204027531821509
-0.2123032454077134
-0.2045408830299897
-0.2092846198633829
-0.2057421521341344
-0.2096784703000345
-0.2092016978869645
-0.2085452946899817
-0.2054766480379216
-0.2016562880116647
-0.2098585603593433
-0.2066966527647807
-0.2096903908787237
-0.2078375360493944
-0.209765543732254
1.608500238489524
-0.2046409287839475
-0.2070491782681465
-0.2058114926847714
-0.2054713089492815
-0.2083966387076639
-0.2085216481046595
-0.2106525350236578
-0.2097985781136166
-0.2095018465384045
-0.2063322173575243
-0.2127867854868387
-0.2099874095428032
-0.2082195267463535
-0.2066636302200422
-0.2043429776288578
-0.206919619307477
-0.2091334853723133
-0.2146914309454937
-0.2092284657694247
-0.2070002567222928
-0.2139399228549597
-0.2005420998706376
-0.2085535794622105
-0.2036857119274682
-0.2032559412865379
-0.2039370668500393
-0.2112025441969396
-0.2130024126160318
-0.2084004764784868
-0.203948884054615
-0.2070917786501511
-0.2110012529421723
-0.2069991247200076
-0.2127757949221193
-0.2078586617667697
-0.2068848413288962
-0.2171944270538091
-0.2097615099754061
-0.2058204539920542
-0.2018173089204169
-0.2035382266820811
-0.2100863606453625
-0.2123299392277544
-0.2060935558119672
-0.2111138393419526
-0.2044741230760241
-0.2070827312068087
-0.2093928035761984
-0.2011894568920684
-0.2107721118521934
-0.2061224350018633
-0.2058155693216276
-0.2107077566597896
-0.2097860401716468
-0.2105954478511025
-0.2052274127783575
-0.2035042450446699
-0.2063528823879372
-0.2095029735268412
-0.2107795614317984
-0.2068781561243958
-0.2131877459028172
-0.2075537759774806
-0.2120102272785452
-0.2135277490215115
-0.20990154674159
-0.2064037184534254
-0.2097330803560655
-0.2092263292763743
-0.2088014702582265
-0.2066750956583593
-0.2118599745370521
-0.2083542643358901
-0.2103903231266058
-0.2058681403833481
-0.2093883383596135
-0.2029299172527311
-0.2027683959671258
-0.2016097251728065
-0.2090106577142164
-0.2054525053223185
-0.2093453030131185
-0.2133599780397261
-0.2041608060123306
-0.2048784662804432
-0.2054394562950896
-0.2138019119593557
-0.2059103880600999
-0.2107478030899715
-0.2071948221784943
-0.2110507760064965
-0.210659934821773
-0.2100300112836562
-0.2068994168620951
-0.2030407648219966
-0.2112996818646457
-0.2081840752117342
-0.2111134772285166
-0.209252050680347
-0.2112590216847043
1.638986616779113
-0.1971689504685561
-0.199449479586765
-0.1983522743226583
-0.1980003667188212
-0.2008305711374725
-0.2008647963867584
-0.2029540999416564
-0.2021376223528942
-0.2018170279766921
-0.1988241973177877
-0.2049881201040684
-0.2023404196859861
-0.2006838690040591
-0.1992480252091519
-0.1969994610283081
-0.1993787257524134
-0.201489900846165
-0.2068136976929176
-0.2015734260340647
-0.1995026755530885
-0.2061032939463996
-0.1934233481217638
-0.2010126496191185
-0.196275933419493
-0.1959328649600431
-0.1966001332818153
-0.2033784083028671
-0.2052461741770152
-0.2008140583764554
-0.1966084145862567
-0.199607229145304
-0.2033141150909947
-0.1995253572650474
-0.2050153234682154
-0.2002980733749115
-0.199445573099464
-0.2091593507116684
-0.2021097091409511
-0.198337720541038
-0.1945098927266359
-0.1961815993197183
-0.2023970028421068
-0.2045201529973746
-0.1986570966355406
-0.2033650800660236
-0.1970977214053189
-0.1995713058378815
-0.201712082531926
-0.1939073183169055
-0.2030571543144908
-0.1986324499553267
-0.198320590109558
-0.2029699919356502
-0.202073732573993
-0.2029028444331113
-0.1977705845776719
-0.1962357758558418
-0.1988762827094761
-0.2018960033389948
-0.2030531933563694
-0.199403749203219
-0.2053436608651346
-0.2000182594077969
-0.2042328927811828
-0.2056163069231365
-0.2022564734555676
-0.1988837275674903
-0.2019953554351277
-0.2016249073078782
-0.201237878934227
-0.1991372959389564
-0.2040204797552223
-0.2007973966806381
-0.2027414747701321
-0.1984646279632195
-0.2017563948183363
-0.1955775795960127
-0.1954400666508996
-0.1943347714287637
-0.2013887894727993
-0.1980781448792627
-0.2017639878338397
-0.2054950015852341
-0.1968189520209685
-0.1974684382411118
-0.1979779931121685
-0.205957802930283
-0.1984259577466328
-0.2031312563047905
-0.1996179866289149
-0.203389886621015
-0.2029918470628893
-0.2023936816896339
-0.1993618637953648
-0.1956510799933879
-0.2035313766959283
-0.2006057435486668
-0.2033862263458899
-0.2016024906724418
-0.2035586339638447
1.527371381329141
-0.2032787563187381
-0.2056497222570245
-0.2045374391528332
-0.2040829049324719
-0.2070443070702928
-0.2070550408007178
-0.209186227394744
-0.208378007616313
-0.2081155595226155
-0.2050041153636702
-0.2113059752666
-0.2086155914644234
-0.2069042091891634
-0.2052863757471566
-0.2030734604996869
-0.205529686701747
-0.2077300756364299
-0.2131415491682767
-0.2078015672414928
-0.2056205059172717
-0.2124698329550877
-0.1992693043379043
-0.2071219430062148
-0.2023517510593122
-0.2019089953809135
-0.2026077564459242
-0.2097294683664342
-0.2115773718943836
-0.206968822310615
-0.2026320339879762
-0.2057753228399677
-0.2096161433569128
-0.2057175981342597
-0.2113699241111996
-0.2064833072307622
-0.2055500079126304
-0.2157612688291876
-0.2084207372661527
-0.2043962084952242
-0.2005195099470696
-0.2022240239032226
-0.2086779461159127
-0.2108342549240986
-0.2047233438691835
-0.2096876058720124
-0.2031562292427524
-0.2057846753301266
-0.2079926476494229
-0.1998500368277989
-0.2093053207113102
-0.2047656746525195
-0.2045113005151389
-0.2092560532283795
-0.2083467499156868
-0.2092222265672943
-0.2039286765329462
-0.2022566891746372
-0.2049987445558486
-0.2080796373511099
-0.2092973037574802
-0.205535475455142
-0.2116776396041314
-0.2061615164661204
-0.2105946422599702
-0.2120635810063414
-0.2084919854174116
-0.2050060598429651
-0.2083013240377284
-0.2078010337027251
-0.207406881025632
-0.2052915092236441
-0.2104147148154721
-0.2069765070235763
-0.2090095141611238
-0.20449879878638
-0.2080034013019989
-0.2015775772356894
-0.2014237214618511
-0.2002437188690893
-0.2076290332072969
-0.204131307259523
-0.2079796318376892
-0.2118775245500846
-0.2028335345494894
-0.2035501893434005
-0.2040186954718301
-0.2122977625680182
-0.2045494390919785
-0.2093680158736229
-0.205768807620957
-0.2096653157744624
-0.20921515706652
-0.2086159089207231
-0.2055641431116816
-0.2017317429216038
-0.2098694874719423
-0.2067392661574816
-0.2096636487511979
-0.2078318807566457
-0.2098547843546952
1.609871425090321
-0.1683687453797177
-0.1812731050915057
-0.1750021395130569
-0.1728655561416283
-0.1889884336396747
-0.1892404121038958
-0.2007702074701138
-0.1962147072845048
-0.194825706776244
-0.1776813588492774
-0.2119647440278928
-0.1975085006056576
-0.1880569016581569
-0.179624116004431
-0.1668336854969804
-0.180796538225817
-0.1926983643980092
-0.2220819104082462
-0.1930548176183259
-0.181587918673367
-0.2182599971226122
-0.1460568933917339
-0.1897227352879653
-0.1630574256530559
-0.160809196913035
-0.1647008384131151
-0.2036065969031149
-0.2134859902251371
-0.1886650800802822
-0.1648638270004532
-0.1818768240888626
-0.2026851883257001
-0.1815718572272262
-0.2122227502615118
-0.1861248009979851
-0.1808127908143784
-0.2355706446933388
-0.1963429355882522
-0.1745812623795502
-0.1529292881649431
-0.1625585070164282
-0.1976801799951919
-0.2095974632111941
-0.1763278393940604
-0.2032159732432762
-0.1677609019575902
-0.1818476464865686
-0.1941301106674088
-0.149328612101004
-0.2013074511848549
-0.1764385778975456
-0.1748579285553592
-0.2010081471348409
-0.1961147561173708
-0.2007883315279007
-0.171594419813753
-0.1623986302969178
-0.1779602764563556
-0.1947156215104978
-0.2013984660657809
-0.1806301080503314
-0.2142603313588594
-0.1844272104946498
-0.2080387737043047
-0.2159710636217236
-0.1968702593488423
-0.1780194861544336
-0.1957536401937654
-0.1932029863871518
-0.1910399057628204
-0.1794499166307105
-0.2071981001071243
-0.1886101009376007
-0.1995831826802386
-0.1752063569115861
-0.1941949493514142
-0.1590103163703097
-0.1581952858913967
-0.151691084805336
-0.1923710724416006
-0.1731091258907408
-0.1938785723966599
-0.2151475092203016
-0.1660204355441382
-0.1697733060481152
-0.1726093569070929
-0.2175803094824088
-0.1754069386974534
-0.2015270533989962
-0.1821623885570022
-0.2032692838319783
-0.200908510838177
-0.1975077517211511
-0.1808145011840412
-0.1594725453088279
-0.2042849043409541
-0.1876232490624768
-0.2035398136205572
-0.1935026054095565
-0.2040892297002438
6.019790559811145
-0.1980934876715882
-0.2003480565696751
-0.1992553475640702
-0.1988703223980239
-0.2017417721120115
-0.2017820899654005
-0.2038193860986557
-0.2030591145083719
-0.2027369023548545
-0.1997484029758238
-0.2058774068544652
-0.2032422559076112
-0.2015922555713296
-0.2000630040681871
-0.1978695871950582
-0.2003336708199168
-0.2024262371353869
-0.2077119127686843
-0.2024384462267645
-0.2004354583964183
-0.2069668529741135
-0.1942485110565634
-0.2018355237427338
-0.1972178601375088
-0.1968269320267713
-0.1974826087706352
-0.2043638252245117
-0.2061381345113402
-0.2016567294567393
-0.1975545033882852
-0.200482822205977
-0.2041975481454253
-0.2003801100684411
-0.2059158830049388
-0.2012466414712114
-0.2003065019273298
-0.2101863152771022
-0.2030181239636091
-0.1992076235246845
-0.1953993526250909
-0.1970961739370775
-0.2032517117469944
-0.2054358347601278
-0.199484369390997
-0.2042390606038743
-0.1980671000521475
-0.200457179193408
-0.2027102171556456
-0.1948395074658331
-0.2039126520062609
-0.1995527163327619
-0.1992098147314597
-0.2038716914558722
-0.2030235775257089
-0.203860447866399
-0.1986610838582793
-0.1970579153050083
-0.1997923934232775
-0.2027730597132004
-0.2039369677934442
-0.200277596097237
-0.2063076452090707
-0.2009625687453439
-0.205177722200728
-0.2065634149909114
-0.2031539847711891
-0.1997718174903357
-0.2029251294014562
-0.2025197036769106
-0.2021077130357196
-0.2000639785445465
-0.2049494563109026
-0.2017107689044391
-0.2035788962341242
-0.1993047602866612
-0.2026339837096552
-0.1964682678536404
-0.1963555310456454
-0.1951773482457667
-0.2023509949339733
-0.1989461195430509
-0.2026550876866123
-0.2064638924637171
-0.1976726826900776
-0.1983861151733209
-0.1988675302770581
-0.2068386725876758
-0.1993804978627635
-0.2039563547274703
-0.2005468094199664
-0.2043329347427613
-0.2038907560420149
-0.2032760311915962
-0.2003340033348245
-0.1965540250116789
-0.2044442851863381
-0.2014701264687967
-0.2043056486313299
-0.2025301048844965
-0.2044206245695754
1.535476069803579
-0.1947518509872418
-0.1970307794970466
-0.1959867410956078
-0.1955458788972499
-0.1984069976785821
-0.1984593275646239
-0.2004266962207653
-0.199611600406396
-0.1994348803610935
-0.1964873055893215
-0.2024840460630929
-0.1998961814352925
-0.1982514851235945
-0.1967901653381241
-0.1945277816389855
-0.1969313920206081
-0.1990866770543305
-0.204306121104614
-0.1991157570856072
-0.1970966992072146
-0.2035959811591324
-0.1909549668071261
-0.1985039527500083
-0.1938983836876312
-0.1934891312836692
-0.194192868961071
-0.2010069742622798
-0.2027358000489929
-0.1983790926338323
-0.1941729868482558
-0.1971603080667602
-0.2008604519827166
-0.1970840000817105
-0.2024879479479185
-0.1978374763802229
-0.1969286322094718
-0.2067413646595236
-0.1996706057138975
-0.195860222282606
-0.1921800154574736
-0.1937839716725167
-0.1999621969604173
-0.2020254580674753
-0.1961533048913776
-0.2008986737511536
-0.1947060096153075
-0.1971479171861977
-0.1993071349557186
-0.1915268937682256
-0.200601620335018
-0.1961826146897335
-0.1959845636390683
-0.2005334417852871
-0.1996358256359241
-0.2004638435063805
-0.1953388900823007
-0.193750624659527
-0.1964649291163688
-0.1994029278224752
-0.2006251157729459
-0.1969660936522087
-0.2029134091088607
-0.1976262556991784
-0.2017521833462317
-0.2031356772594336
-0.1998292726837021
-0.1964636267948627
-0.1995366984587174
-0.1991209015092625
-0.1987489267345125
-0.1967677497023177
-0.2016093479702208
-0.1983359430600663
-0.2002250406660898
-0.1960236158667318
-0.1992875562983535
-0.1932432288223508
-0.1930364244736149
-0.1919744815256359
-0.1989188101447788
-0.1956623316986556
-0.1992242839421463
-0.2030844168358898
-0.1944399916775038
-0.1950813476009894
-0.1955510092071231
-0.2034979077391086
-0.1960557005307304
-0.2005837575839836
-0.1971692967224132
-0.2009167871126639
-0.2005430219862899
-0.1998754478370254
-0.1969685482684599
-0.1932529988854969
-0.2011074322499036
-0.1981338168839341
-0.2009381644434505
-0.1991913341772673
-0.2011122717217596
1.507738891435574
-0.2065246917858171
-0.2089738996526009
-0.2077947409848428
-0.2074092745425128
-0.2104148570117039
-0.2105080321603186
-0.2127004462197624
-0.2118048216212896
-0.2115464754549114
-0.208320669837472
-0.2148641185542295
-0.2120818264534201
-0.2102745414948312
-0.2086291083929775
-0.2062338175008972
-0.2088400872494388
-0.2111016543896451
-0.2168882422586806
-0.211225080249675
-0.2089935667161587
-0.2160802864169262
-0.2023385900659084
-0.2105994152901581
-0.2054753946762433
-0.2051028789929029
-0.2058340674724166
-0.2132421725082145
-0.2152003760325853
-0.2104244145041978
-0.2058645383236907
-0.2091331070049502
-0.2130868608521089
-0.2089637465822654
-0.2149278305782002
-0.2098759675769271
-0.2088596388567654
-0.2194476103445281
-0.2118147850296712
-0.2077271847800247
-0.203648628979987
-0.2054572258636743
-0.2120673023119926
-0.2144052455840157
-0.2080413114250212
-0.213133732196793
-0.2064328669961888
-0.2091189799965951
-0.2114100709002384
-0.2029705670244966
-0.2127810487039493
-0.2080752192085603
-0.2077162651451149
-0.2127341342860484
-0.2117794223695824
-0.2126538112753962
-0.2071908977062012
-0.2054412076011703
-0.2083510105000326
-0.2115535377290336
-0.2128426299971766
-0.2088294627148034
-0.2153142967850037
-0.2095376976690886
-0.2141042665577953
-0.2156895834065333
-0.2119790560049996
-0.2083538660862304
-0.211697264174961
-0.2112955010658731
-0.2107979658637729
-0.2085718225927236
-0.213955887482897
-0.2103696174291423
-0.2124555290638565
-0.2078067849284144
-0.2114743210787656
-0.204748259096346
-0.2045863379378814
-0.203357510283138
-0.2110911827853865
-0.2073894207270111
-0.2114302386421401
-0.2155299684007446
-0.2061199994569611
-0.206788778340554
-0.2072799060790359
-0.2159813849073471
-0.2078229451513983
-0.2128922556615381
-0.2091058292979872
-0.2132032864270632
-0.2126916110636033
-0.2121122062109013
-0.2088383595387424
-0.2048446927051696
-0.2134346348794222
-0.2101904336158125
-0.2132523299131993
-0.2112550697233551
-0.2133946938803982
1.696792211942562
-0.2066604590705781
-0.2091689183687923
-0.2079815033496117
-0.2075661108412667
-0.2105726064112406
-0.2106624226461262
-0.2129131025767425
-0.2119644911256978
-0.2117394481744746
-0.20849450983338
-0.2150692787254625
-0.2122588788138943
-0.2104407324400323
-0.2088175639562184
-0.2064618710709774
-0.2090472692622046
-0.2113834189411452
-0.2170871057113389
-0.211402647562052
-0.2091698147182012
-0.2162921940524903
-0.2025027521458121
-0.2107372545852408
-0.2057105333319563
-0.2052937586550519
-0.2059964282314089
-0.2134353444858988
-0.2153608301971477
-0.210548817508559
-0.2060323886358146
-0.2092873341566472
-0.2132785713594418
-0.2091522633801168
-0.215105799864851
-0.2100358101131797
-0.2090169968215919
-0.2197045376076483
-0.2119979469463791
-0.2078480157906228
-0.2037592299845564
-0.205612702732193
-0.2123049386272909
-0.2146323304836076
-0.2081830716587511
-0.2133798794685812
-0.2065881829551285
-0.2092873805280677
-0.2116421776677632
-0.2031065476602919
-0.2130473568090662
-0.2081891935433611
-0.207973883251643
-0.2129009077103659
-0.2119536343532089
-0.2128880223353365
-0.2073594567281762
-0.205583881752537
-0.2084683986004192
-0.2116933476206789
-0.213043921734194
-0.209041807649005
-0.2155351065322151
-0.209724568137824
-0.214336682323103
-0.2158875108122569
-0.2121461304774802
-0.2085425734033748
-0.2119255712513554
-0.211450941998673
-0.2110348374892466
-0.2088338570916451
-0.2141016294733809
-0.2105492758332189
-0.2126558821056546
-0.2079947214948508
-0.2116066889249643
-0.2049042858773763
-0.2047483774056042
-0.2036058505544856
-0.2112371099386388
-0.2076308647947725
-0.2116358210679011
-0.2156662357532662
-0.2062287436572108
-0.2069620714677425
-0.2075307158651344
-0.2162098949529237
-0.2080690778619045
-0.2130950676159298
-0.2092620584159491
-0.2133711434517973
-0.2129226957161646
-0.2122951444134643
-0.2090943467290856
-0.2050847842595994
-0.2136154928254259
-0.2103243656500365
-0.2134244311418428
-0.2114656482846763
-0.2136026492617766
1.703072448299467
-0.1925549049548157
-0.1947962973543158
-0.1937739687136536
-0.1933878348679303
-0.1961743523220564
-0.196149934243259
-0.1982354182422594
-0.1974326608419548
-0.197211593036011
-0.1941720733643962
-0.2002255572507151
-0.1976977783971993
-0.1959703236882012
-0.1945685094902318
-0.1923291774341575
-0.1947759685522395
-0.1968306425448315
-0.2020632818976306
-0.1969238994384895
-0.1948835171147877
-0.2013068367386798
-0.188781546324352
-0.1962977356258041
-0.1916545044600186
-0.1912811200128761
-0.1919763292416669
-0.1987207705715741
-0.2005090947031349
-0.1961308381870291
-0.192001874816642
-0.1949052251956102
-0.198615441624336
-0.1948876486891758
-0.2003118787494601
-0.1956655041461982
-0.1947309704355416
-0.2044662867885008
-0.1974392150425876
-0.193625860948645
-0.1899897899838968
-0.1915876919169912
-0.1976999541124418
-0.1998251471397146
-0.1939935424071199
-0.1986324683170086
-0.1924552533312162
-0.194951358094527
-0.1970267017632085
-0.1893090949951989
-0.1983304192270477
-0.1940285016146747
-0.1937114196896438
-0.1982822482546116
-0.1973896663356622
-0.1982321220591812
-0.1932114446944817
-0.1916267911356624
-0.1942104092165321
-0.1971808388243886
-0.1983492666153341
-0.1947473730055507
-0.2006434845874917
-0.1953629438924805
-0.1995372222557603
-0.2009392524900697
-0.1975110987492506
-0.1943009309156619
-0.1973545092635095
-0.1969116666293187
-0.1964585120833007
-0.19450850904247
-0.1992990877460254
-0.196123578185088
-0.1979967679564084
-0.1938012323897262
-0.1970472663552382
-0.1910116662730992
-0.1908567414209166
-0.1897260666518426
-0.1967361875243833
-0.1934399540897641
-0.1970045247871018
-0.2008269348491246
-0.1922136459503145
-0.1928734310638
-0.1933400000957263
-0.2012144080477462
-0.1938264763806128
-0.1984136313436934
-0.1949304178024156
-0.1986287236889979
-0.1982782145210245
-0.197606006817596
-0.1947634369644875
-0.1910569194509611
-0.1988898141358132
-0.1959422677430971
-0.1986618996009333
-0.1969375892629394
-0.1988311700859674
1.493798855936373
-0.1639478765500594
-0.1663353354685201
-0.1652400006483425
-0.1648041714809687
-0.1677045926924761
-0.1677227252518986
-0.1699169763724089
-0.1690536308753194
-0.1687601227926326
-0.1656956940341864
-0.1719600523775164
-0.1692844772612609
-0.1675509869420362
-0.1660046529173948
-0.1637171185023321
-0.1661893576901961
-0.1684309020295765
-0.173860613569316
-0.1685325400187974
-0.1664118692771069
-0.1731454874227983
-0.160043073503918
-0.167910561359448
-0.1630581594767126
-0.1626841733233543
-0.1633967332088547
-0.1703975845979186
-0.1722740461688398
-0.1676531303187586
-0.1633321252246341
-0.1665040878341487
-0.1702305645863467
-0.16637957403372
-0.1720483962080377
-0.1672270974491845
-0.166279171806049
-0.1763758891416511
-0.1691007831010961
-0.165120164747847
-0.1611996595075763
-0.1629268564813625
-0.1693645312384598
-0.1715295918342536
-0.1654608133766859
-0.1702798847617898
-0.1639312465229238
-0.1664706990713819
-0.1687075933928047
-0.1606142089392178
-0.1700081823089457
-0.1654877694441473
-0.1651688313482029
-0.1698934184883266
-0.1690406656389888
-0.16982983435833
-0.1645515825626777
-0.1629561984856256
-0.1657277485731402
-0.1688127567023819
-0.1700391724358027
-0.1662347435900565
-0.1724075735513204
-0.1668634037468719
-0.1712159995551669
-0.1727070620947134
-0.1691217441702361
-0.1656926846816698
-0.1689637091093097
-0.1685312286073141
-0.1680893269182231
-0.1660172995576595
-0.17100342466283
-0.1676640334930369
-0.1696412261071201
-0.1652572407013462
-0.1687015179909608
-0.1623109811582055
-0.1621820382684878
-0.1610150839318488
-0.1683503170767727
-0.1647997198640006
-0.1686170176289102
-0.1725127806905764
-0.1635660359647539
-0.1642253444019772
-0.1647374108214717
-0.1729716319820167
-0.1652936383017207
-0.1700677947662981
-0.1664363772764978
-0.1703356463095869
-0.1699123806069635
-0.1693344755652111
-0.1662643779876358
-0.1624310871299636
-0.1705634936797991
-0.1674783841969896
-0.1703893063195533
-0.1685171329194867
-0.170509694778013
1.484377911321538
-0.2038523769680752
-0.2061687917020369
-0.2050368186456968
-0.2046109851056895
-0.2075473733071189
-0.2075919300616456
-0.2097498777006923
-0.2089117291465279
-0.2086589780899649
-0.2054984154598115
-0.2118715114200136
-0.2091972632914804
-0.2073952058365332
-0.2059075375695472
-0.20360028568857
-0.206072854910357
-0.2082347600486855
-0.2137689700615713
-0.2083346246265552
-0.2061800881704338
-0.2130715763720485
-0.1998248970574696
-0.2076915508050361
-0.2028600143482054
-0.2024342439665121
-0.2032135024777249
-0.2102623069466716
-0.2121833753699682
-0.2074943728867487
-0.2032093107469136
-0.2063341468163562
-0.2100938197605457
-0.2061832010329106
-0.2119151667876327
-0.2070358195834227
-0.2060651210330015
-0.2163110393225672
-0.2089826761056818
-0.2049800901361419
-0.2009801238052839
-0.2027069639614718
-0.2091746554181787
-0.2114673985941913
-0.2052578243730994
-0.2101659782098035
-0.2037454993921957
-0.2063218793658905
-0.2085113330072709
-0.2003672613926136
-0.2098365359724762
-0.2052818270016335
-0.204974528198268
-0.2098287725607359
-0.2088966732147786
-0.2097877335677545
-0.2044727700650671
-0.2027509894565277
-0.2055104770723866
-0.2086756832293009
-0.209899833886867
-0.2060960465586371
-0.2123035689828554
-0.2067611651546204
-0.2111993387842793
-0.212562463928658
-0.2090051318472164
-0.2055532432532182
-0.2088373202910054
-0.208413340575108
-0.207909848359388
-0.2058534111330312
-0.2109935988506461
-0.2075133178849901
-0.2095511930371655
-0.2050418871724153
-0.2085579073960696
-0.2021381636405225
-0.2019420398135648
-0.2008207373707951
-0.208220373684692
-0.2046304070372884
-0.2084696247298683
-0.2125124566681766
-0.2034352497697595
-0.20410897794036
-0.204617355999812
-0.2129529089881615
-0.2050788442986449
-0.2099617431184295
-0.2063300909904165
-0.2102583604221815
-0.2098234633425649
-0.209141402500145
-0.2060878705545476
-0.2022371261016011
-0.2104229008012945
-0.2073222312485682
-0.2103131402267178
-0.2084525591184555
-0.2104082570637198
1.620362698752492
-2.287456356908083
-2.292291119832083
-2.278694497176336
-2.29350575856964
-2.289329040209843
-2.30961129813985
-2.293904169920987
1.409908877814811
-2.307149587088956
-2.314618975185938
-2.282594641097236
-2.281720733555051
-2.318714558121072
-2.354111750921558
-2.291913939258542
1.287039381143255
1.133154485973677
1.063924152549915
1.256907679644464
1.041081091602755
1.10054548016842
0.8400508099166989
1.042768326017541
-7.238021326864991
0.8655905615602384
0.7751529973470596
1.200958160038399
1.211460234598975
0.7207400639296113
0.1954051161973127
1.064716657857159
3.121299058945076
0.304010439318691
0.307313682970307
0.293331286787064
0.3080521152209197
0.3058644699879082
0.3056008214353051
0.3079494738349519
0.2261498089332023
0.3067618311207703
0.3016596066985029
0.2989120204115808
0.2980323598005034
0.297123454866103
0.2036068372219468
0.307362619999259
-0.006744017189587082
