-0.03139186212656338
-0.2800631159987917
-0.05138698022157555
-0.05677326487901911
-0.2085603847900074
-0.3275832142702643
-0.2420936616274117
-0.06367639984038773
-0.223246306584896
-0.03422548669265715
-0.0451932566620467
-0.03464550530426014
-0.1453319549292011
-0.1874884708027447
-0.07140238638260205
0.1222474564611494
0.1131067582578262
-0.0578587890954177
0.07362893284075826
-0.2264327410587498
0.174579305354959
-0.0006291564534204157
0.0755663923993421
0.05574064998607717
0.1317582331965894
-0.01399559761818622
-0.01808665761507282
-0.3028235304707257
-0.1417074688428647
0.06714483808945405
