0.02390544913934753
-0.2011184151741042
-0.1209597231514922
-0.02875240883408387
-0.07507612299630045
-0.3206135560579263
-0.188667064118141
-0.1778892403676508
-0.2785176123234765
-0.1173793996973599
-0.08587077659791995
-0.2048292698336344
-0.1287951295464681
-0.06221228888978075
0.004207322927003161
0.1293426576749408
0.1515336611350102
0.1385029111287331
0.1677152466492915
-0.06676748679553809
0.2256779105099647
0.2026403108282576
0.1838819131352435
0.1469414482242119
0.2122438735330372
0.08872974433186591
-0.01715300856056685
-0.279119738171895
-0.1490284972038233
0.2296058479408607
-0.246051332308009
-0.3069454601180243
-0.2269513715056779
0.1036813678458989
0.193343909904228
-0.3123815387697856
-0.2518927830774114
-0.02299881513081435
0.2310049381826712
0.1984853877310306
-0.0973013423188198
-0.07287102238127632
0.2674163297058307
0.2231371076921117
0.1486516359585295
-0.06383693543344017
0.208422794325079
0.2215488990806731
0.2345193986570182
-0.002248893413960934
0.2066013012166734
-0.00951928920683897
-0.2162505699177837
-0.04415090282343848
0.02629081227378208
0.05728767970048977
-0.183379987094673
-0.2148538758481623
-0.02359861492872547
-0.07196592987466977
-0.1410116875949401
-0.2490839514075152
-0.1131271550599606
0.1360858266946576
0.1442394979544993
0.03804333775662248
-0.11747256207256
-0.004355099465936629
-0.09026716129288531
0.2041430049959271
0.08447154228303323
-0.04544587638317248
-0.06912410118826315
0.1845438180407743
0.1108227605902454
0.07706083848139597
-0.05192354971353461
-0.1705526977416634
-0.01605111698975124
0.06773103977425562
-0.1072050884658439
-0.1774506727739524
-0.2113527694716104
-0.09952254063630783
0.01274836199571024
0.09868093209691566
0.05129929570554556
0.04155498669550613
0.1285208085609316
0.06635800839973249
-0.01169095841652343
0.2102869029075738
0.2734906490400647
0.1054409279534347
-0.05893705562548338
-0.09812756484360896
0.1853995652606326
0.09541208359382648
0.04335116399473826
-0.05942962055566818
-0.1061662809938039
-0.3244170757898873
-0.3954401123992194
-0.1499905124681764
0.1614804877732589
-0.2063245363151579
-0.3036037332676791
-0.3340706911493406
-0.08900351072809519
0.4277699287684684
-0.1705612698583573
-0.456493282715406
-0.2561262859582498
0.3201546671742854
0.318970430090776
-0.3621614221992661
-0.473802960699428
0.03463189076344689
0.4015824687046995
0.3493854977281137
-0.4455844576091552
-0.2350136147878294
-0.06895040440111561
0.2610986174816998
0.3522610764070053
-0.1622110297610478
0.1151316010068917
0.2761277063417694
0.3724410285099737
0.04650731354241297
-0.326009629078787
0.009360878810538771
0.2276073706905668
0.3182460292577867
0.1802185465290859
-0.2675150902602609
-0.1754263023457067
-0.02403514822054228
0.1638366708288976
0.2237209885934873
-0.3177422003277308
-0.2920631284076146
0.04055938844649518
0.2863965432677175
0.3388423625455505
-0.2803390077999732
-0.3334254041754505
-0.004155765179174626
0.2993443436606902
0.2517505465259897
-0.202214461932698
-0.4470868261481259
-0.2194110768510366
-0.09157475142720604
0.1150229312979071
-0.4381974566073865
-0.2237727509695422
-0.07661780625501742
0.2971232630841835
0.1213471584733832
-0.1077518263217319
0.3764365865251699
0.3405499486643779
0.1282698907855199
-0.0572422704766786
0.3542177557063922
0.3349879976725229
0.1676199228542187
-0.003600558669066278
-0.08852199627627907
0.1218678527097281
-0.02108251777652863
-0.1779987538249683
-0.0822835056642976
-0.1694103502708001
-0.07820611905956994
-0.2452008886529857
-0.1266298202162388
-0.09705991111670095
-0.02079156690215342
0.09510077395839917
0.148971996698876
0.107142346031064
0.19532240758548
0.2094255557261324
0.1248196753185365
0.2823108419979575
0.1719460977567628
0.07618775681359374
0.1094706770452282
-0.1487875544687464
-0.04215096618875791
-0.2057810298899145
-0.2139075836360901
-0.2177551840454048
-0.1799289729357784
-0.05861253468343518
-0.02405316164961301
-0.09495890023701699
0.06145335106756872
0.0782624596639377
0.1842208728134864
-0.02840244303241481
-0.01487501584197753
-0.2350296502245824
0.2277768487386823
0.07273584249151618
0.06447189670473807
-0.1886264917343762
-0.05244968196668723
0.1166751143038814
0.2193822690924392
-0.1423187113397733
-0.2658750861152122
-0.1166617675454477
0.2245796534548214
0.1572779703364914
-0.1709523156720239
-0.1043213924508519
-0.06018576154004354
0.08034527830199975
-0.08923285544116163
0.02323852861410342
-0.007951932480416561
-0.04556381026723515
0.079092380365423
-0.1008863977857996
-0.09167605239699937
-0.1188444171689791
0.05094746336766992
-0.03370083504794703
-0.03871126786547261
0.02971009771551643
-0.07217811244987989
0.09748416197364604
-0.008586384508240341
-0.06638847793741356
0.01992405647366692
-0.1414401113951011
-0.04798019789265937
-0.1576521917633781
0.03641673930913415
-0.002989992956007544
-0.1034255303421202
-0.05934272178399751
-0.03742833751054417
-0.08786975881282795
-0.0130633129899332
-0.1217905370864875
0.003114082235557382
-0.1712755082950246
-0.1401535313504475
-0.1116706821519802
-0.1269511264544776
-0.2379071859584873
-0.01177824605225547
-0.1527667696200527
-0.08930790130763713
0.01427000169768068
0.0478908179616146
0.1435573173219284
0.01364441018982117
0.09828117026551629
-0.11627792311283
-0.02211063047651637
0.1776533609381346
0.1405846635722916
0.2236702200887259
0.09432373999716649
0.1956818361994783
-0.1614211439269342
-0.06965853434486614
-0.01221142790636052
-0.05491576675567393
0.06444523259916329
-0.01072911164404781
-0.1092366127393629
0.2192831655569383
0.3244960011454948
0.4581488443905312
-0.2241841047629008
-0.5306291091331499
-0.487999930560189
-0.2564902258299398
-0.02349984333022747
0.1868775975937618
-0.2709691863451869
-0.4793937570885554
-0.3864422463215693
-0.2066345625257583
0.2250959895012217
0.1751313669052748
-0.08714698589487391
-0.1956513203504662
-0.2595877611560271
0.3435145270197165
0.2143071921143116
0.4364386063729908
0.2503203729905453
0.09857418318614702
0.2310251580385237
0.2155921260402754
0.08116278212248566
0.1651126633721877
0.04233001167384348
0.1205666751417743
0.2894762364902459
0.2705325057417285
0.141043717003199
0.01238667855440826
-0.04752699850300609
0.02618365130545925
0.01455598720356524
0.07337243932887887
0.08723630709785324
-0.2837288892904953
-0.1468900046701409
-0.2610129389683139
-0.03323072093914818
-0.031671620536803
-0.2215932224602338
-0.1627652929580422
-0.1062207650666189
-0.09162937353537305
0.1190877799249887
-0.02136059104964126
0.004133688093732469
-0.08644437415340828
-0.1115458626167563
-0.03761735057447454
0.008204770378783208
0.1251027251037921
0.1199887691162305
0.0116123789031656
-0.009551853929834975
-0.01481821075822846
0.4316131051806282
0.1141424406249999
0.2013507158523101
0.02990139817630916
0.04873120890023831
0.09389028333968559
0.1794007329524789
0.3534048451097659
0.1033269115768795
-0.1609825426493943
0.05889594876194388
0.1115704403859844
0.1100035177834383
-0.06511894818826643
-0.07243335791762594
-0.1142925531781743
-0.07685451794015036
0.06031279407535378
-0.03297009158578505
-0.1148505199725641
-0.02249389611347394
0.02969874758374914
0.1002093603519004
0.06231742849245525
-0.1965891997510639
0.06886392736318729
0.03672936652013788
0.1186425694278738
0.08908536278640929
-0.05530899448371911
0.005231440604070611
-0.06040406147579038
0.1878826422838363
-0.01562805212610324
-0.3553087031809208
-0.09068980797095171
0.0618914877042979
0.2072989520628483
0.02132205314734141
0.02076064258807287
0.1681998652246318
0.2052211217387609
0.02584537659324206
0.1843513635238556
0.1638527521021908
0.1058149649893023
0.01782528013002692
0.09630691810168408
0.2684089116182728
0.09182209124373295
-0.03630258630564945
0.06264620614605142
-0.01487936253753802
0.1526845019402404
-0.06601353873149415
-0.1773162108747067
-0.05776225786178017
-0.1141138917579885
-0.2558033867115422
-0.3065568483096491
-0.2732259169907814
-0.2891355056567383
-0.3226474520184192
-0.238878447552679
-0.03578340724466006
-0.06347618784779045
-0.1301615294941282
-0.07772426423277451
-0.01472232137644972
-0.09266198458279393
-0.01714925922750355
0.05930837235112879
0.02721505506155799
-0.04887045281238631
-0.01489927269556761
-0.117632946540833
0.01126235229015526
-0.02192480954897741
-0.1259068094683271
-0.1206792436738018
-0.01209345579886899
0.02976787955417886
-0.01650713795876446
-0.0724300276910393
-0.09066876569232961
0.01255263900239923
-0.1400025514534001
-0.1627093150979828
-0.003652732048924551
-0.2225644712423432
-0.3030731463947746
0.003947673594911864
-0.05764636050989844
0.04357457548324596
-0.3027220933326623
-0.1580846623242644
-0.04398738056891564
0.1429238546077017
0.2518305847671327
0.1948352292808141
0.2672799876099898
0.2489153534601761
0.09701524446595525
0.3012634088069199
0.1497401098511446
0.2274945483177845
0.1056283215187565
0.1327378382318033
0.1315578381313307
-0.1318588008999386
-0.3031138954249026
-0.347606737019126
-0.2848566295814081
-0.2048633029443837
-0.1159546029321356
-0.1852343220578674
-0.1143851816615158
0.009554689975209672
0.1591482233066072
-0.04756631763152068
-0.1532875733847467
0.06445195593270402
0.2062554280313941
-0.0807483154718153
-0.2496418351695748
-0.07182687270030098
0.1226682852113496
0.1682730164735588
-0.1745286566599644
-0.2100087255979357
0.004084467341958314
0.1765931011309038
0.1070808520090736
-0.1593163543686615
-0.1468889088348277
0.07987842935785476
0.1795631819017264
-0.0584338612150169
-0.1703585189710372
-0.03875659584891642
0.2183066008043487
0.2266393919543419
0.2201683862525209
0.1012678552744356
0.02182168365988757
0.162152901483453
0.06056821355577363
0.004332205184239273
-0.05903328667345802
0.2246577153374641
0.2642225710579255
0.2036596160695663
0.1026145280394641
-0.1663078772306048
0.1272972682039054
0.279531563191136
0.03342614856745908
-0.1168112386185768
-0.3537764739015217
0.2040001156974449
-0.01296633580326066
-0.2633927214234376
-0.3586334023881366
-0.4536360511619284
-0.03841664018893623
0.2378542780994055
0.1311049078587096
-0.009620375919632709
-0.05266662339429182
0.01518933873347922
-0.03300241145506551
-0.05272364768707102
-0.2086546606213616
-0.2355419489698058
-0.03190944368126544
-0.1283115518711866
-0.2343193211552693
-0.05419680454785606
-0.127736684395109
-0.02040216336720974
-0.1558201466022774
-0.07798230642926403
0.02331001120949246
0.04106278612414726
-0.1205793050538823
-0.162143137221743
0.04933884188318599
-0.00331448517680446
0.07437008424915525
-0.09161255656559369
-0.1296545216446265
-0.2761139019142224
-0.0659142954776141
-0.1252176011314089
-0.2608176556705719
0.1410504020453308
-0.1265173919354235
0.0539067141137282
-0.06760650048433603
0.007435026582854175
0.280442501912278
0.105708933724611
0.1206972572550224
0.06804580400490233
-0.01719084345679884
0.2536186458973965
0.1184555681033901
-0.005047930319172398
0.1385917530096631
-0.08811979451796244
0.03429138213154238
-0.1404217523477483
-0.1999771433508535
0.004679682259486191
-0.1214819714924849
-0.2329124357842804
-0.2547512792234218
0.02783841966836248
0.1489284751065574
-0.1411049562671624
-0.2281234973400329
-0.08901235908888201
-0.05233421519686501
0.2212475077603141
-0.2428465496606456
-0.2451512876922552
-0.2294208095364198
0.16639911394426
0.2774755987841983
-0.1777431068179816
-0.228589958624297
-0.09478650016491509
0.09046004334234249
0.09242417966734723
-0.3113997005221293
-0.3024654131583882
0.04508429196220755
0.01252506340310715
0.1947528523469814
0.123828492736333
-0.04015840535550098
0.02719535143236215
0.01095816154633383
-0.003338376025289135
-0.1549714932143469
-0.05746947773886461
0.09002028141459206
-0.152562416365661
-0.1002509811331898
-0.1201263938849951
-0.0636071070169823
-0.1253125956154962
0.007548339152692944
-0.02886144916378701
-0.1091019505571325
0.06538879370463298
-0.04877891653255004
0.06118152187229055
0.01057610872509054
0.04016041035998002
-0.1408359366821963
-0.1027438625306867
-0.1164306563893059
-0.1243680604750262
-0.07210086553749835
-0.1877702420176122
-0.1890672915978581
-0.293617737612905
-0.09214848393888439
-0.0789323351530162
-0.1366811147915188
-0.1226799081744927
-0.1049754856095218
0.2166587905133677
-0.1938572928950452
-0.204104967496215
0.05030978745315268
0.1355159699914099
0.100982652015673
-0.2850333564131514
0.1079719024578488
0.05700805622559869
0.1164011788924151
-0.0653593107012377
-0.05132980961908803
0.05057973979046183
0.01227501341783228
-0.02394188446604982
0.06885587021006789
-0.2321898621756615
-0.2348665263689852
0.03805976745892066
0.1364613018281572
0.03447064342841218
-0.02704344599985779
0.2139569852797192
0.3008774202798838
0.2440755667272191
0.05902017208476062
0.2439046533343149
0.05864811089186898
0.1929462606460728
0.1500926825727893
-0.04964369494555768
-0.05003926265421993
-0.164188343632271
-0.3054700822047492
-0.167106741607896
-0.03552365769645007
-0.2558095145586456
-0.3022125000567555
-0.1059502675303165
-0.05315514302900103
-0.1272724134277101
-0.08206671872025383
0.1530874435474705
0.216083546893183
0.1680061699216778
0.1562642608898792
0.1700880173396168
0.2301107105862226
0.3072970986321816
0.2791971383039635
-0.001610399831079024
0.08388888977640802
0.05776893211376482
-0.1705248152664979
-0.2093377876130894
-0.2807280612647979
-0.2078759749741725
-0.2115976198774326
-0.3919002293429201
-0.3324507533619939
-0.03580004567281528
-0.1555562823427954
-0.266786715107563
-0.0348046351015224
0.08417509785844544
0.1993281529018424
0.1865136917594884
0.1227492760300666
-0.04374847366533684
-0.1910610957181735
-0.1439386087158784
0.2246843557727737
0.09020432614261735
-0.1640986688635456
-0.3784569992961395
-0.0699799476193728
0.159102187453534
0.07670531667282741
-0.150464310841603
-0.1280609925780624
-0.0350615175543573
0.2616759579666724
0.214757400667033
-0.0045148259864086
-0.1011146514284252
0.07527582822954915
0.1699208282314014
0.2248798253046033
-0.2212965636087894
-0.2421417352528789
-0.03033077839271747
0.03912820094410614
-0.2738534638674785
-0.2708321431509592
-0.2208642455749477
-0.0223206401089173
0.09459235709689981
-0.06317429673470346
-0.2252610050655132
-0.37367007536705
-0.4545443040124702
0.2949084466129331
0.08254257132454418
-0.0137498244953298
-0.110268827502187
-0.328381782011268
0.290852366773279
0.2700722427089324
0.43363433748778
0.177479476406525
-0.06413070626170397
-0.07813233958682969
0.1590759285547623
0.2462750128959419
0.3899337540441923
0.239741271778754
0.03175282647259676
0.1868679571102673
-0.01322304755156089
-0.1398326512334841
-0.0815797554551938
0.03716401275139975
0.04567051554736135
0.133437503071604
-0.04642169611545228
-0.1428233009960677
0.02405031652011349
0.1415452140820437
-0.02756406829077073
-0.04535524029429698
-0.1105213904435169
0.04022656561688906
0.1938591411582763
0.09040717202912928
-0.2277582360768104
-0.1874754057468764
0.07785340908748614
0.1770225936156683
0.01659023709528993
-0.1380595545892271
-0.1745923745642097
