0.06201732454488047
-0.0633801674756074
-0.1356457389757349
-0.1257913465068223
-0.1466575912549953
0.02893640172539953
-0.0858941310116019
-0.08187360962626337
-0.01002202189189468
0.01156130930355961
-0.07931268845318973
0.039306721088631
-0.06441912320458552
-0.1409770147334527
-0.1015259890406504
0.09938791045544886
0.1156869360726169
-0.06081756254083503
-0.1038581678120721
-0.01085293487062771
-0.008490095036242026
-0.02825438112412335
-0.1387696660129802
0.009786425801552536
-0.08474564139666518
-0.1209364098119958
0.06132646098307145
-0.0780392789922681
-0.08855319996616413
-0.01195611242614422
-0.09959761028434756
-0.1170260158073778
0.002446033479047994
-0.06655153344804385
0.140156531919047
-0.1037686558020536
0.114200379890379
0.06936989744354896
-0.07849527696598639
0.05884904518772119
0.06340893453429065
-0.06926518438255436
-0.01638198009959563
-0.0418604286308282
-0.03414439688232013
0.01700487765946886
-0.07918992266311978
-0.09066134769291904
-0.04340016206787298
0.025385189186069
-0.004115554358609335
0.06008161507506065
0.0365179809047997
-0.06463317580596295
0.08472696971520413
0.02840621064591901
0.009745947255012967
0.09114862297755297
-0.05500078677889302
-0.07393267982055107
-0.03591840213068939
-0.03622414660117527
-0.08572765062957316
-0.09607895588070503
0.01008609785643774
-0.01396235880100254
0.02859393838063108
0.04839287417318491
-0.04705595220751524
-0.05978525101573171
0.02638292075327817
0.02673116862406716
-0.02873735233183308
-0.06457074222281375
-0.012106307178806
-0.03963412597210379
-0.1192537636834334
-0.009991094634644532
-0.1534886396005669
0.05863033089342836
