-0.1161527681178316
0.02178388455030712
0.105287731304704
0.03179145109286358
-0.02457412313943578
-0.02599197355238694
-0.1268670571404963
0.05227696205440279
-0.06726924032352996
0.005825480819594432
0.1091175476170198
0.0782029434121026
0.03259544708884362
-0.0314746415836481
-0.05951559048535363
-0.03676626551337943
-0.07336189054423579
-0.04675707997636298
0.07262284465018536
-0.05408050518279331
-0.06210665677937988
0.1065417228940892
0.02813584020344268
0.08530217655147733
0.06999251544109843
