-0.02242987715115078
-0.03863306765449642
-0.06932227185792054
-0.01740422279379339
0.01704504932382608
-0.01558289896294384
-0.04340743275407075
-0.05720222160017818
0.003837696779171323
0.02283316192892861
0.007819988970570674
-0.01864738105540167
-0.01563686598042871
0.03529354903978014
0.02702191423720548
0.01458950729495766
-0.02075315056012939
0.004821651146097719
0.06729191657456811
0.02168448431283681
0.03315809497187678
-0.02962390332940512
0.009865279878052292
0.06788248683120111
-0.01092368190788121
-0.01160444465004114
-0.01476876856870063
-0.001340348201648604
-0.01165623374288142
-0.0001836194092415717
0.003071665501026258
-0.003831670702822354
0.002377689968636697
-0.01169368197987493
-0.0121824571320471
-0.02335434169824673
0.004526189891400834
-0.01051997140969401
-0.007065174837798766
-0.02111581661824428
-0.01834548999520253
-0.02050596383333966
-0.006650379952694
0.002011954103078641
-0.0003163715294110724
-0.007154780149210188
-0.01831924672049365
0.01989690668854608
-0.01100828787864092
0.008036173175542331
-0.008982102320551464
-0.07070543461665903
-0.05564590104435074
-0.03193667672933168
0.01350464719368003
-0.01803892218787696
-0.05828901997232539
-0.09643244830538406
-0.1155353444645273
-0.1070959567131328
0.06201328212738294
0.01063627022374466
-0.03248581126422034
-0.05183832643457544
-0.08206626327735958
0.1227585123179589
0.0886646013069541
0.06272415132682607
0.03419400929890028
0.04711819175055399
0.008472011057250249
0.008521993465448342
0.08141050697468702
0.09687227049237351
0.0748248475239322
0.01966599287847532
0.05787213696039289
0.03620198791866808
0.02738570256937584
-0.01408574761339914
0.04929651986709308
0.03282254655468332
-0.02180463746192457
-0.03516435335263556
-0.02822363813607523
-0.00952228212368861
-0.01089464516291395
-0.04337354034142322
-0.02028189104215469
0.002391713745220615
-0.004712931089239358
-0.03931519192603556
-0.008868539838452179
-0.01104883405308587
-0.02330965837054731
-0.0136712613309926
-0.009731884958151905
0.001576339322819773
0.007179376708686016
-0.01726102427615327
-0.02781859525961545
0.09628128446312234
0.1158168374983397
-0.002916213655858605
-0.03187144104454753
0.02765418275417521
0.1620746377718677
0.08413558836532452
-0.06042134187372723
-0.1411272869918748
0.08619786345171113
0.1548198797044741
0.04885210883349236
-0.1300455018191697
-0.1792153829690612
0.03233072876370698
0.08198671230315201
-0.0187453518445381
-0.1251548342554863
-0.05182654374088877
-0.003187334309005636
0.03891340945647148
0.0001092681959001001
-0.03732042999031752
0.01891386012862642
0.009853960279697992
-0.09333001152867165
-0.1235941566191493
-0.1002799660429666
-0.071555045651589
-0.117422074707584
-0.07489622645489918
-0.05134640120335358
-0.06928489603049678
-0.07653918550027065
0.05613992411981851
0.1510516313937746
0.1887881725761393
0.1442215525755093
-0.007494312893493015
0.0936814189171196
0.1230228128793534
0.1978170595413212
0.1797821280582158
0.05072124833355414
-0.06686317492295626
-0.04546458314913636
-0.02796532262642558
0.02395764767606483
-0.03054766743496735
0.01106203363523091
-0.1009692754355009
-0.06288295611281977
-0.02869295284096109
0.009362369876109305
-0.0234511983735426
-0.1366999168931996
-0.1459100298064379
-0.1257933950978817
-0.1022089274661792
0.1141455906669096
0.05036929146097866
-0.0534616191332316
-0.04321102733098462
-0.03770022512511999
0.1812652478020061
0.1192882720676095
0.04884518806708064
0.02588886392552407
0.03937740719551919
0.1180187000484157
0.09576757080822441
0.07893950207292684
0.05498731516072725
0.01358850569033399
0.05039772628396877
0.07671346419005499
0.01681596200014827
0.04072326954466018
-0.01213912264208482
0.1084963409477651
0.1076397497811348
0.1097673401591997
0.1280574239554341
0.0546104478964133
0.07535898220023894
0.0502241568883469
0.05819065939433173
0.006713036059303359
0.06542700085351426
-0.05000753198101954
-0.05537554154215322
-0.111145564971173
-0.01521515034330832
0.01003695931117549
-0.1255170441589733
-0.1427332012826411
-0.1244732572397057
-0.07984319321359687
-0.008153493950871631
0.09491351551720387
0.1360487699505726
-0.01863713377842118
-0.09561265983313268
-0.0798133530975902
0.1711717237369982
0.09740366523888763
-0.06973620705876392
-0.1338264950938059
-0.04177464371440744
0.138376685668968
0.04596250375426415
-0.1119459637970117
-0.117607716168981
-0.05812645514002319
0.111756581123254
0.04433481874413805
-0.1066075745654536
-0.1013369468373752
-0.01114561580933848
0.08465332210289714
0.02284086548004879
-0.08589394221493259
-0.05022330000489186
0.01175320311741194
0.01057832523689564
-0.02053877018369882
-0.05662868021828273
-0.08170167034371435
-0.06273359741431769
-0.03106423601936707
-0.08500633073996411
-0.1254599936297078
-0.1754780224698073
-0.1764390782528115
0.01347075039289773
0.007013595144373429
0.009565610766015876
-0.05872455868455476
-0.1007537781449198
0.109268627269361
0.1191981242705593
0.1269526656350988
0.1225463958054386
0.04142087997166505
0.01779738285315988
0.0488729452659919
0.1194410614271718
0.1074578791090169
0.03450877912843846
-0.0823995265777996
-0.1179597012802157
-0.08040865723319467
-0.05527878087892193
-0.02696204022007591
-0.091384594721225
-0.03470946294979589
0.04779006165223437
0.1494102705232245
0.1889373709337926
-0.1342175571438216
-0.05027533225022013
-0.003155857579161206
0.1878975696625607
0.1640776462086057
-0.1528294096029073
-0.08229597286201472
-0.01480779076171591
0.1617493362825168
0.2057457130403792
-0.09366491841223526
-0.1432088670707977
-0.1073924218843887
0.04099088817513037
0.0676980345761326
-0.006391962289590125
-0.009341445682841907
-0.007212430953728061
-0.01490957865602608
0.0193685588991688
-0.0192376325347952
-0.01888015593334659
-0.001497923961472237
-0.01294015703237083
-0.001051916239169395
0.0100192310509035
-0.02394241906188046
-0.001838670565710379
-0.000867385317278968
0.01074654977209194
0.007781034173041252
-0.006033247384210612
-0.01817817997888989
-0.01565928709196661
-0.01633788855676631
-0.008422023089172673
-0.02449012392091999
0.008580429490916563
-0.02960117771650704
0.003021153165977473
-0.006699574848520149
-0.01335554306542782
-0.009528960960090288
0.04455201937538205
0.06451179852323946
-0.003387457277186326
-0.1141528158109237
-0.04780168469699583
-0.043549855391614
0.01300974828844221
-0.02547033580708525
-0.0882806119175288
-0.07735196235515072
-0.03523711068807915
-0.009432308267701164
0.1044778178506916
0.03271610778754466
-0.03086687062299566
-0.03360152546170234
-0.0467447243529291
0.1258722658234748
0.1109337797665643
0.04899848953448212
0.004011879287075313
0.002310498684361219
-0.02222418488257312
-0.03090802398077775
0.002032239259346878
-0.00462891841720615
-0.02029774482628714
-0.0005770594618086864
0.0005923535671446022
-0.02525398532311262
-0.0193022228439209
-0.01482298441077456
-0.04367633882763783
-0.01543194860844403
-0.0131472389577356
-0.03475084547025593
-0.02296925625355521
-0.009735001312470978
-0.01739861272412906
-0.01759475017103918
0.01493268664695616
0.006323627846572161
-0.01982525762708832
-0.03646650199947925
-0.02640693515747278
0.01497309873900787
0.02493328170158907
-0.0894563107910845
-0.1706664464249054
-0.1575109756742868
0.06021434601570785
0.01889978917750546
-0.1667630885690131
-0.1911558006115605
-0.03613591210393226
0.1611812348489448
0.1337046966707549
-0.2676772508080829
-0.123952000769845
0.09968462280648061
0.2579473006527163
0.1338427065311579
-0.188449377889724
-0.03837929327994003
0.2132262076084928
0.1810459110128751
0.1415694047711238
-0.07253609543842555
0.04353601238704233
0.09874073419973271
0.02735106015226468
-0.03946476703004144
-0.05922311819106409
-0.1819477214975654
-0.1611283511019585
-0.09308950615550553
-0.06772389517237913
-0.01687578423049389
-0.19059764150502
-0.288399016559161
-0.1943967070564539
-0.1564606214559944
0.0312349880734912
-0.07308825146964078
-0.08204927240379854
-0.0355056352324656
0.0543947580919482
0.172989440345512
0.1317273430939455
0.1642701379144052
0.1329367532075073
0.1002272127355795
0.1813534569865349
0.1585203377434056
0.1632078092917452
0.1329470813326596
0.07597866746294481
-0.03377799688671342
-0.01252022555015984
-0.008860856864503528
0.00236292500367091
-0.007969278003700394
0.002026630916149058
-0.03644516976305968
-0.0492760953109358
-0.05646266311985736
-0.0700770968461276
-0.02253670664278828
-0.01670301388191035
-0.04385020841506421
-0.04169381510114103
-0.03312583169328801
-0.005037303206537091
-0.009621330065892237
0.0304936000279615
0.03773043473574876
0.06152890014727989
-0.02568771333485191
0.01726399365904413
0.05475267938637615
0.06634712601141023
0.04664649132295689
-0.07596222343588094
-0.1846754631002217
-0.1211464862005758
-0.1104077733161448
-0.1321202402574121
-0.1716684568441325
-0.03397453497409096
0.2048925351103157
0.1889077942348671
0.1191386573983492
-0.07960188268034472
0.3134875188246688
0.4065451559213568
0.3284650169159408
0.1087141002257616
-0.08497403405672846
0.1640749433454923
0.2684692080912299
0.1671532795095274
0.1095151565440317
-0.209472313069561
-0.1268472202194531
-0.09962761662373776
-0.1274099860011416
-0.05637470030536928
-0.06278915694883473
-0.08607874348148785
-0.06709272857110919
-0.07349968893273605
-0.1210686675079882
-0.1129174230695789
-0.02966252373915327
0.1666477084060878
0.2058229559554745
0.1176907742281125
-0.09880203127754245
0.05597026973603869
0.2527158028588551
0.2784726390850149
0.1424926642595584
-0.1471911222500955
-0.01382337922741919
0.1216460007680149
0.1308408645600268
0.07768450499826066
-0.1044687496834272
-0.08564830067553722
-0.1218435848334188
-0.04829156654197281
-0.02424748565555208
-0.118571637393959
-0.03855905007946037
-0.06881449778140081
-0.0535492862553776
-0.1422795779608628
0.01094432794121439
0.3038686295907885
0.3382756432165316
0.1314749342809053
-0.05127485740199836
0.01850603764290961
0.4504467442787337
0.4051564549636211
0.3170594309289329
-0.1011922026627332
-0.1482044054874604
0.1217723553073523
0.2319008415883012
0.185172782696521
-0.04818416222728852
-0.1535568358318897
-0.09122480542264166
-0.1626737478388886
-0.08273837156460377
-0.1325144962741654
0.01638307025976122
0.07755113272424854
0.03114480553136989
0.1011960328060503
0.01359835841938543
-0.01291019222078797
0.264084419560634
0.4940632044317956
0.3395375436771854
0.1989577982841696
-0.01894588609321632
0.3106564478235895
0.355825944029504
0.2173975847707741
0.03705675134203947
-0.1272543380394011
-0.009273649232173862
-0.01547461358116512
-0.03664572285033747
-0.03152015058084981
-0.3078602636558703
-0.2799028787587223
-0.3499031974739676
-0.1154686521103517
-0.05018153004510006
0.04072678282692662
0.01325236674829114
0.03382145637034129
0.09158439940144318
0.06062419782716714
0.03092722788010713
0.05948852969161988
0.05634939259562065
0.0786155648461391
0.04316173044885854
-0.02512534174582691
-0.02942941864273501
-0.02525377614259992
-0.05479373974448792
-0.04165978421063007
-0.05393181087920577
-0.02893113119553513
-0.07878162684101174
-0.09091841495548093
-0.06786711559999992
0.001079064624566258
-0.0009241350458878098
-0.02515067551920402
-0.04108999267249731
-0.0003262973937792236
0.08398969019659934
0.05140621791640234
0.03635304884273258
0.04399453849965174
-0.005247824340752543
0.1611353068597278
0.1532133268091136
0.1736664585495229
0.1565503266818357
0.1240159226787087
0.03773170947572625
-0.01435241934640851
-0.02804855747887971
-0.01947231217952519
0.04283283485936029
-0.07255187148407921
-0.1443642570469582
-0.1813851714048287
-0.1301835200572173
-0.06965951548835404
-0.1506576578442644
-0.1769061748619697
-0.1144855802915619
-0.1021059259506441
-0.04443738782260193
0.02674430982726159
0.04623636936549919
0.02306331877754095
0.03737476612597349
0.02980971224981849
0.03104083438232491
-0.009329009535070421
0.02888018822855553
0.03959503189613775
0.02194957081059304
-0.05666766396043117
-0.06128175144153403
-0.05909084974127903
-0.06406025002228528
-0.02598630162799327
-0.04961826134096541
-0.07206672382295147
-0.06555922094195267
-0.03692023056751974
-0.03856715339298529
0.01969435816500151
0.02172982959396758
0.001420838178922324
-0.01907125854033762
-0.04159930259518533
-0.002348102791598433
0.03093116018450409
-0.01389035633996802
0.003718709250945867
-0.03235516999003384
0.05230583127248603
0.0378151014500245
-0.008180075278797182
0.005953632545024804
-0.006014892110426906
0.0273922360783912
0.02854302218715782
0.01250662679749106
0.0232464747108986
0.004178525168115808
-0.01302121687271202
-0.05019632204050949
-0.02625158605438529
0.02092945435470356
0.0226917402230032
-0.06851571009463422
-0.04667830623806529
-0.006542014107069997
-0.005528467610634387
-0.01605582086015821
0.01152886623152382
-0.01787299903589597
-0.05116841683803273
-0.049877772679576
-0.0325060525925772
0.01512932859900559
-0.02719501554157962
-0.06306500479363508
-0.04576934991189972
0.02362242628309346
-2.222379737078336e-05
-0.02479626241159153
-0.04768809500836503
-0.008856434140301805
0.06372445733948186
-0.03151588117971177
-0.04980436717091034
-0.02924429389649432
-0.002040823871645337
0.1046391214849183
-0.02339122629601175
-0.03412118259035782
-0.02429022310422346
0.05032426745854197
0.1348681827654132
-0.02344189675379728
0.1418018446854792
0.05729316373658842
-0.03024666525645097
-0.1116158444801572
0.03980499993301045
0.1770991323223157
0.07849690277014075
-0.07988667525760991
-0.119098490665042
0.05931814261974588
0.1928614112984358
0.02391819229337681
-0.1202978240151085
-0.1265243281154233
-0.001376434438835616
0.1701216660487787
0.01636260889386473
-0.1641309323850249
-0.0588040865252534
0.04281148796900008
0.1829092833297155
-0.009241776270537006
-0.1340524164268241
-0.0879139994451888
-0.04106343081520759
-0.03419868743607737
-0.01283557526023565
-0.0100054484347833
-0.002879343910080149
-0.0906803485481933
-0.02156840977606599
-0.007690248079545554
0.01336444224240711
0.00348349844601806
0.004239156951714609
0.02011034104993744
0.03401934990113702
0.005399924047586629
0.002149032477358062
0.06121029313754821
0.04576212376904872
0.04105935400475376
0.006483065065920504
-0.02009409445547035
0.04660680758534112
-0.006254132490530348
-0.05166677623012654
-0.03093994359470983
-0.001203606789224856
-0.01656364978645084
-0.01098712805775855
-0.002762573130992118
-0.008652667024834805
-0.00913702939110881
0.0150165964909437
-0.02457289278525429
0.01212039231598673
-0.01774925058149008
-0.01156229773000021
0.01132468911087589
-0.01883269707234932
0.005615198301161107
-0.004026372697244146
-0.002422227353876519
-0.009873636786651126
0.01933320663579744
-0.003320074086641082
0.0180940687468439
-0.002810318315993182
-0.02473506336397498
-0.02233760292648012
-0.00640444533725737
0.01912097234642766
-0.003655405600458029
-0.01300448885536765
0.02191243923868999
0.02474381177739742
0.05169542945444962
0.06448377351516416
0.01641304643743926
-0.0008092947635251464
0.005093398270073579
0.0492021792937084
0.05954042471535231
-0.04198493814191955
0.01227233962100834
-0.0366148632607496
-0.006639572630955288
0.04502293118976785
-0.04610196313617452
-0.05713156874689083
-0.06501381808453509
-0.01638465902792587
0.0536731895731541
-0.03774894691917297
-0.04807233991566814
-0.08795690153889538
-0.06058092304833903
-0.01560694194130224
