0.1214907275046042
-0.1103132279578088
0.1056891573411938
-0.2146173342816809
-0.03327575411835799
-0.1259214031198909
-0.01848579695301066
0.04940696215151232
-0.008502058331455533
-0.01458430429950029
-0.03684211855212937
-0.007001963380473944
0.07500042208771958
-0.009686030732405961
-0.04754273462292156
-0.08034950528086766
-0.0472023713739492
-0.09771880676050206
-0.01495247821811166
-0.01452120566288467
-0.1779919772358942
-0.0888785340447194
-0.04036026339356407
-0.1616267564704948
0.01918321072758373
-0.02424022404174729
-0.02115402001308283
-0.01942180094503823
-0.02093401683023194
-0.2367732608712951
