-0.008386641532247257
0.09901278341452191
-0.02948735511383203
-0.01243740980181734
0.01057155431408175
0.03782502008983699
-0.0400791058190618
0.02568021351288139
-0.08512861846663365
0.1220877648356716
-0.07269114636411907
0.0003075806523064106
0.03637798254340312
0.03327860444683833
0.0242513476345274
-0.07068039732967926
-0.0205719135238285
0.01290975060805646
-0.01493126531570297
0.008074319103016337
-0.001293376698771561
-0.05878826890649662
-0.1129030502291588
-0.08157401878775476
-0.01600624423033925
