-2.005654381623704
-2.29240181523934
-2.759518287348733
-1.22290882854027
-1.327360666033829
-1.786158654722138
-1.856792603440937
-2.015444728923225
-2.371335752541231
-2.066861918534927
-1.258321546677235
-1.125544484290466
-1.240647758233309
-2.25109341879202
-1.988996546958485
-2.476411729546615
-3.281330006063698
-1.679049548078636
-1.904650160535805
-2.477076421168444
-2.366272030431948
-2.308333313627995
-2.814087329536509
-1.377775050573926
-2.420391450147005
-1.949483467448894
-2.096444328756395
-1.67988570548
-2.902886082903125
-2.105099921359005
-1.960693918310847
-2.231632213430718
-2.545205279161076
-1.083614609594699
-2.051040623169374
-1.649984197690378
-1.437871882209347
-2.279569566833806
-1.231844060280217
-1.903313638746882
-1.660503693809838
-1.57553319138182
-2.140590598570118
-2.224886880786415
-1.865778205833367
-0.7724585678858213
-1.563148919039563
-1.488427378445294
-1.654324578387992
-1.749058849676494
