-0.8807185047755978
-0.2172091674077034
0.5004943767759223
1.062175766721865
0.4427681735154696
0.5490536187824637
1.444020002102895
0.9698235153726634
1.577123075114396
1.674338519555729
0.913396447342162
0.660462110176646
0.2800962941320608
1.229391828586274
1.276010960708486
-1.735470858942993
-1.792082191675571
-2.000513449185541
-0.1179274134390743
0.1867480172257482
-1.846347064833289
-1.636553863652197
-2.579858262647623
-1.524726973061722
-0.8209235566785912
-0.9137029560490403
-1.407839045224569
-1.018103065777711
-1.009285503155344
0.05777326950274059
-1.488701654490448
-1.456527466137897
-0.511216846305843
0.7717136859314029
0.6073210998800178
-0.07587118534174672
0.05999385036019127
0.8478409447303813
1.619301041342782
0.405650573865552
0.8116188083232989
0.2174147788050569
1.170097767466716
1.013362972927419
-0.1524766574520945
0.6975209759535462
0.3686219293254438
-0.1308036336402752
-0.1061130879978185
-0.9568150048119647
-0.4614724332963165
-1.145174718703013
-1.00002052694419
0.05856382255124198
0.004932570902128013
-1.159054625714972
-1.151062169028093
-0.5893351657988127
1.083838975609777
0.9822971983137297
-1.759532321505547
-1.137554065219622
0.4624708630818657
1.772741127445184
0.447059113159233
-1.425493967573566
-0.651515823623262
1.159566518677551
1.820239617432307
0.05664263991537651
-0.8864881367828079
0.2531046178900058
0.7711233142072865
0.303647934679772
-1.162206227805351
-1.15946128198286
-0.626165883819443
-0.9335417351153268
-1.176638152103896
-1.484724971558075
-0.9813599095083804
-1.844451120907893
-1.672881900249149
-1.964977169770062
-2.019302305614715
-1.248560985217341
-1.074600590663899
-1.096098344831244
-1.116769854132173
-0.5368620243554149
-0.3885866942219204
-0.5982130934483584
0.02965964025903533
0.3538109744181475
0.9493259987589554
-0.1288880749423535
0.1128921472757576
0.3185816082224677
1.528312492546084
2.165427123455034
1.67133253193226
1.080437225884605
0.9104676019212889
0.912075841309256
1.242881078132116
0.3577391993709483
-0.1292367478652718
0.1563463931743618
0.4772797614144136
0.6084197564385521
-0.4603590258924838
-0.7599742176726609
-0.8187042646899652
-0.5681263423142281
-0.6980112484205979
-1.431674511044275
-1.322765733556774
-1.408918433605
-1.868085969902372
-1.895231868373803
-0.1833314269236056
-1.113874710369634
-1.052377639036168
-1.175012487446659
-0.8050440866178085
0.3309026937449291
0.02200889983782073
-0.1723977020093455
0.6435078303204612
0.2019245600369158
0.8118100475404342
1.13782599540126
0.4918044790965805
0.9753886721975561
1.842480016933116
0.1600132450373933
-0.0907706969583181
-0.07026339053255133
0.7563964774844899
1.159687608395242
-1.687305711032445
-1.343087243458996
-1.39143376469692
-0.8167498823350283
-0.3531070866135916
-1.707489810317696
-1.118426208277103
-1.299263092423717
-1.507246929005642
-1.193899935618355
-1.410902833064476
-1.411639402331721
-0.8612119738716706
-0.9534675153148153
-0.8583239986895088
-1.08528022144668
-1.474220698719191
-1.338150971686592
-1.809278783488147
-2.292984296837444
-0.1633618377716362
-0.5024781057863827
-0.6982998239743017
-0.9876789055167031
-0.4213401337226499
1.151649903033532
0.01798765865547846
0.5393523609718465
0.6096353755633624
1.114844504119448
0.5678394350760779
0.1278563298347769
0.4094016267739051
0.7047808093759544
0.7338748952534868
0.5861264023954261
1.730515643062395
0.4347828236966015
-1.064345141756251
-2.069752405340115
1.18865419595612
0.6753587740281196
-0.3646262709641875
-1.487772631633796
-1.384840791762846
1.132695335451875
0.02736523920317994
-1.146623310402075
-1.504092605257906
-0.9376331408033873
1.155388064997476
0.07096494077096162
-1.281389584322635
-1.622320085951543
-0.3617427557551902
1.548132192346104
0.1771565254179563
-1.369181225002579
-1.329186437006281
-0.0243565596912147
-1.159429681453955
-0.8466885535810271
-0.4628892616653026
-0.03137940793194109
-1.102567863332759
-1.190953521270656
0.09875174953415763
0.8860645217441706
1.776493093956933
0.3912357119373279
-0.6396586734529847
0.5144923244354417
1.400179194757587
1.983397850908625
0.2248381417960849
-0.08622914347836103
0.8327934984595833
0.7143373425211619
1.067065686272069
-0.5562735205685805
-0.5816132120783949
0.1199814793236132
-0.3151282381934731
-1.173340344461932
-1.45133622220084
0.7060397590234515
1.244569147854724
1.701239920681595
1.376585823726482
0.7035857026926829
0.7633645282933796
0.8099987708548232
1.054455932046765
0.6832477285626541
1.065114822130972
-0.3136964600036163
-1.142495425998917
-0.9410781837192523
0.02924039648743298
0.7041627689901848
-1.409346177708744
-2.141308576102431
-1.86651985853414
-0.7517461316461547
0.1797079374128969
-1.151946197282234
-1.59767691868292
-1.442947715096941
-0.6903547878764502
0.2428217985137791
0.3810113053185002
0.00652326686980275
0.841844575055855
0.8441501259625768
1.512215856060336
-0.4766117132503889
0.01031657400515592
0.8219445995006239
0.5926168927784462
0.915286345457534
-1.752555094818268
-0.711045300651945
-0.4451084027250736
-0.2439470787551866
0.1425825929974584
-1.73733292437384
-1.501704079532956
-1.890254958103029
-1.906920279171806
-2.221911883619054
-0.4044672327428611
-0.7490030065297109
-0.8062051834283298
-1.042704671363603
-1.230541098213824
1.687086392564145
1.23258184547207
0.5535451875272062
-0.1526824003406551
-1.088382422854757
0.6630642589098851
0.1790549721828718
0.1317687459478776
-1.120081404385979
-1.542786510435383
-0.5271137466430696
-0.5019599757709238
-1.15079849808599
-1.434932969977375
-1.010888783940631
-0.7118702924499449
-1.336711987716667
-0.9927586412846623
-0.7237583358125018
-0.7314841104609709
-1.047309603962358
-1.12700566386674
-0.6684711788090408
-0.03213206095658921
0.8231068367014295
0.7603702006613712
0.1704769383164392
0.06261578926414764
-0.3797731988054816
-0.8093363051083996
0.2323126298554735
-0.4163925005720663
-0.6115361722517993
-0.8987600744187189
-0.7395622782250028
-0.5587791433670188
-0.8916630907561575
-0.6919658162246298
-0.7552137657327059
-0.8093902062738012
-0.2040152214494937
-1.027790956751037
-0.7008842372326969
-0.979187778960473
-0.5872886510834241
-0.1045744670723696
-0.6650745059737735
-0.3197815924212764
-0.2843252346531405
-0.06571057292378669
1.119378580597263
0.1155635687405397
-1.2181367345371
-1.213868027593072
-1.0635197769367
1.329176220221349
-0.0515604067933829
-0.4591124682404458
-0.8485128052596403
-0.3937370311810905
0.8688674526393045
-0.661290541098805
-0.7087393615461838
-0.4233054001345917
-0.2701244907706759
0.7555288188420948
0.2164131308489769
-0.5168270868388581
-0.1643843368642725
-0.2522652840801234
0.6180396286035669
-0.2609440164857883
0.2047663517220269
0.1285268905963429
0.106901077696856
-0.7935896539029684
-1.955434038632748
-1.561246781945322
-0.5248925928851386
-0.1941974107077009
0.08026281563800353
-1.166594493095683
-1.861619109132399
-2.073749935774371
-1.816438655421356
1.261508965344821
0.489238711852107
0.01017491840696685
-0.5863502280776519
-1.41851629875518
1.502717864254113
1.3712036971879
1.178249238365532
1.007267470112869
0.2469442660863455
0.3751623986032692
0.6862055581712221
1.21826453594886
1.331056002384568
0.2737517457116914
1.543253901949023
1.688543408900048
-0.1179677089520624
-1.305378242368313
-1.722076908805157
1.649042755492061
0.4708145228929171
-0.4828275281651119
-1.815739767590892
-1.193970578558171
1.020336643265208
-0.1012074751574343
-0.9531004701790741
-1.566954399659632
-0.5997093137220119
1.280661717553578
-0.3895895239845667
-1.099199068834814
-1.48308662716587
0.07035937817298109
1.40829111377791
-0.6235874072233881
-1.17821482042183
-1.234145619215974
0.4817833501438877
-0.4062718442008478
-0.3048630857042703
0.2351617657454948
0.7253436499294005
1.178433970137505
-0.3605125230344824
0.7770258562456339
2.144227994454138
2.350081760310806
1.917223967864412
-0.3076265583779006
0.7351816396706287
1.075302968165321
1.168532914857826
1.029683702335086
-1.439383505456638
-1.026600532340995
-1.189014667535983
-0.6546577562556942
-0.3653875466460441
-1.146954132725887
-1.014457706418095
-0.9455601962371486
-0.009950714984139847
0.167386944269631
0.1367131376100906
0.6566767592005676
0.365615811759577
0.03341983194248088
-0.3131308227887615
-0.7722176664566377
-0.6525172351410006
-0.5247809861056155
-0.4246843265526934
-0.4562924577360511
-0.6605473821443758
-0.8264777471049707
-0.5676152813661315
-0.6804163379246612
-1.034865908168981
-1.042409422458685
-0.7935054460118296
-0.8494793235120481
-0.6457570867969233
-0.4764225761909121
-0.5024307967810978
-0.3653675726880569
-0.1767982298192839
0.2557300069964853
0.3371930284139886
0.732273835797147
1.422939566624373
1.273217608950777
1.135554063298582
0.4428900815394836
1.347800927302276
0.7366487543843616
0.102707139469637
0.2354155293835075
-0.2888386524011649
0.6310313121543325
-0.04615985609764054
-0.3550654833624344
-0.8001686146619708
-0.9479289389393449
-0.03481808563585356
-1.434627934202552
-1.420399741732981
-1.600645153779409
-1.262553598630972
-0.5008394780429576
-1.073612943768921
-0.4623863822263194
-0.9510605551618757
-0.2032338091569951
0.6538541448964555
0.582143453632145
-0.7584202726947852
-1.24455921299622
-0.4522704491491474
1.434078617602963
-0.02945158835161539
-1.383535885357023
-1.337561504287497
0.02003479516118479
1.297684411210715
0.2157640013285924
-1.451806643425194
-1.299301406696534
-0.4878313652346704
1.784777234657413
0.6725123469127293
-0.5113005116609003
-1.413365239774178
-0.5219511159636444
1.578919771569672
1.21916472330495
0.6746979616281572
0.1298449142127329
0.1920596759883399
0.3360510144250687
-0.0789458024061377
-0.8044779695024694
-0.8450527530995672
-0.267003440696805
-0.3016656044948061
-1.194402993241655
-1.604237146734175
-1.463895556946961
-0.01319968210101221
-0.7993395855262043
-1.551581175377438
-0.9576799997187954
-0.2866335371572664
0.7105525926311115
-1.214476007210852
-0.7376479699139902
0.152117641843946
0.9693331147654787
1.464499471506733
-1.522327422493612
-0.3921599328598996
0.5712661025306066
0.8993757255974462
1.579623859444438
-0.3941732946277234
-0.0419389236061768
0.4405101897738957
1.210082257820382
0.8413938920412313
0.7785214002517592
1.172114364540105
1.26492973340902
1.352701967019139
1.17669736631537
0.6279916561332126
-0.3359356259783062
-0.68988368640202
-0.5032302756599084
0.8244891965931583
-1.519165362601561
-1.803758275545877
-1.65177975519546
-1.332719177369753
-0.3232674245841775
-1.579725605477417
-0.654063085900952
-0.9793693291442807
-0.5308395801121252
-0.1163256474684577
-0.3447905281961279
-0.1391596303886327
-0.3492326369106578
-0.9110619035828811
0.1520463870017585
0.600188835725411
-0.5947375669412809
-1.204263535456862
-1.298122613397991
0.07465178449474752
1.00153772580636
0.2709960714745953
-1.325550592685247
-1.660501409303377
-0.8380104164170893
1.844225808869285
0.6841448599617815
-0.05588116077178525
-0.5322455032049205
-0.5176306155939849
1.684636379438281
1.682885978601769
1.260540238248016
0.6383140665517707
0.1206444894239613
1.218851622798113
0.4333067868681302
0.3032518318114557
-0.8749343759207178
-1.149529564912612
-0.1465917414279797
-0.7198974937715708
-0.9401964857380026
-1.515298167159242
-1.488810771542585
-0.7159143666242281
-0.7665241217074238
-1.374357434120424
-1.37776582887432
-0.3238146344944053
-0.9820215044028191
-1.317693216136145
-0.9601057870389077
-0.4783686353540006
0.9331488689504572
-0.6677388061432102
-0.8570688404067934
-0.521420772752762
0.6988012219810664
2.069909623973326
-0.3291563753736245
0.4712064427550244
0.6721792512881262
0.4240339443582146
-0.3502221749320801
1.266032024155621
1.363811878064742
1.181115575130326
0.6650411406967923
0.4943037812862105
1.475755951417281
0.9834835016586781
0.9063686392626622
0.1043717581408281
-0.2791391125072303
0.543693381543738
-0.3018998358358558
-0.6335221240829564
-1.09432127649991
-0.9669755678949098
-0.5496112000553888
-1.169890250479373
-1.293000531580345
-1.078523738255089
-0.9152267668578786
-0.6794626551993336
-0.5322870819071359
0.06176279577001969
-0.01845918735991161
-0.298959057614806
-1.175929066956601
-1.254261804041815
-1.58829972604551
-1.340645380155129
-1.258143251295083
-0.4425692421135582
-0.5578486127240628
-0.4798612594505643
-0.4524595204135072
0.2340784700257539
0.4725232444470148
0.7243275497770453
1.12297776077054
0.8848818911384355
-0.1429599109599781
0.6286093422202792
0.4886749088386382
0.7070126431018148
-0.03834050347182137
-0.4426842824574239
0.9458195193602944
-0.1016408294720776
-0.3185226794038077
-0.6229639000197162
-0.8048866327372927
0.8706016680646194
-0.7317638862466881
-0.7902840634873174
-1.135643015077485
-1.141483853056132
0.8597698098853991
-0.2753587809479887
-0.9484918303350862
-0.9342821044368015
-0.6085798714823766
0.7259121701077542
-0.2598023183318044
-1.159021673151999
-0.9044369910269009
-0.1697234530650392
0.5921483774622115
-0.1722948598430495
-0.4290762108889092
-0.342385647640266
0.9330449448371484
-0.594547104668717
-0.3860148808725122
-0.3087885405538844
0.899815538003082
0.6376293617484579
0.8569524710107865
1.087469503889547
1.244908279361652
1.421332021316171
1.934107418571076
1.357025782162722
1.104397375428153
0.3702355742867871
0.178790765614626
1.26876061527795
-0.1854671130523247
-0.8156603131427982
-1.834573943581386
-1.696912648027378
-0.6039878182158273
-1.305782445221538
-2.077717113777515
-2.029197090438021
-2.328158730144152
-1.478411528622047
-0.94254688859346
-0.7548248010836491
-0.5421463327187815
0.4415375393632552
-0.4967286971320978
-0.3094536522695395
0.4833598481401936
1.471993616534442
2.549069292357407
1.311229792589709
-0.001213953369528804
1.007164173600288
1.962502316833013
1.938330761095939
0.5729656846607625
-0.09512133957290618
0.657235309931863
0.1618010680930871
0.567634825505791
-0.280432198026451
-1.5626477263905
-0.2172253132930546
-1.224247181852457
-1.354117336952289
-1.675082402429318
0.203277187497896
1.72507780959604
1.140368668946325
-0.1747333504483784
-0.8910145861761889
0.9901065250553774
2.568621573469292
2.568183245573496
0.6452954420999262
0.493223321850137
0.489748185530161
2.143305691436288
1.107679313661765
-0.7163384413571848
-0.426449922431326
-0.572018703499853
-0.04686878636368567
-0.621585715794655
-1.450577723373381
-1.35049925831755
-1.330187181320085
-1.518853073543486
-0.8244238292974966
-0.7160472098824328
-0.1523197881989573
-1.181862046087973
-1.638198064607684
-0.8420510844982535
-0.2259770646518928
-0.3564778013337956
-0.4105069534598378
-2.145028887601784
-1.941685086355556
-1.623645649890655
-2.187683937401973
0.6161430230583265
-0.3632023676565261
-0.777715703317253
-1.362572126603865
-1.157448499955777
1.724302745915028
0.6410199955094783
0.3354543919588271
0.07290094994894865
0.4451177289936904
0.9223754091178487
0.5397826410243676
0.6947162449138724
0.6848705289890908
1.54599421693838
-1.156421074779717
-1.483364480487427
-1.223822328997244
-0.5395769988347798
-0.5993975323417084
-0.966445118190551
-0.2379942045801942
-0.5698490073030803
-0.2472149801814126
-1.209776274446246
-0.4666660663845824
1.156453593579976
0.1760983042087056
-0.1014693879279065
-0.8384668910110836
1.38277156059961
2.22432699675892
0.9707418253543429
-0.1450887742607452
-0.7299162998105616
1.432398899903366
2.615663127343633
1.617480843610721
0.1188141122874543
-0.9686173427216842
-0.8223738452851524
-0.08655130517492168
-0.9014561185416411
-1.230667684134035
-1.801635183982702
-0.8830552018830414
0.41575616841382
-0.05827142302695178
0.02115189665042436
-0.901046581561823
-0.4069479958331053
1.489107409418763
1.066524443298698
0.5153700165057905
-0.4988772275474626
0.1622605189349443
1.795101927810447
1.291720594021827
0.8096368018565474
0.1766282008296559
-0.4220967865626813
0.4911429296212906
1.191229928201766
0.396656315168375
-0.4501860638818683
-0.9274070744901646
-0.3422039524540418
-0.545296959129577
-0.445505298533269
-0.5221564966017684
-1.05114580466142
-0.8950014426988899
-0.4421380172887734
-0.6772303883666637
-0.6640326327030706
-1.018912149784075
-0.4972622374108731
-0.5922283565120893
-0.3767771285581735
-0.925336307524985
-0.7049282692325747
-0.5112532244896808
-0.5262909404202801
-0.5013762319536358
-0.5181755495433765
-0.5238447329955276
-0.5236633641799122
-0.4192179222927777
-0.8080580161792669
-0.5696274988134794
-0.05275465042770968
-0.08214628242927136
-0.446161658957596
0.1024262109880442
0.3627570343399991
-0.2792706208693209
-0.728864364978448
-0.8805179551747938
-1.44496176185684
-1.677683570024898
0.1684981946848322
-0.07980047030255959
-0.5387828273373939
-1.416706696246845
-1.690916353086874
0.3847844369753344
0.2304815116572936
0.9260107703802565
0.5679776691574338
-0.03420458159608095
-0.5807534222796348
-0.2392508924814201
1.269574212691128
1.59768471276933
0.95098333077062
-0.5611326407555934
-0.0662956229046672
-0.04085676472220717
0.07315322715823519
0.01094138886340348
-0.8387429981361109
-0.3169105432055659
-0.1973775184683957
0.009429544511643259
-0.595706442435067
-0.4209828422180742
-0.5560351492309611
-0.1682880307401432
-0.6013919053100552
-0.3063837061900525
-0.2670115544727815
-0.747066992238711
-0.6603666021982021
-0.4103458759852824
-0.8170494740619143
0.03039643232910094
0.07214668116654002
-0.5438845028644954
-0.6486843582736562
-0.4725604753663099
-0.711243834372586
-0.6407823996441591
0.4565700289570042
0.2747973197574432
0.9403812077277526
-1.404250449607451
-1.124875939242668
-1.097220575508792
-0.412930856836515
-0.6301469576848213
-0.6304583966860424
-1.471922545968957
-1.310953432918335
-1.496000938545145
-1.359927918354422
0.5767059060043839
-0.122199253820059
-0.7186462013515726
-0.787345453641817
-0.7317263742360234
1.644075701929267
1.318244455593341
1.105348542141079
0.7116564509892811
0.6199794543617106
-0.6961053652531309
0.6213777219602509
0.4289130385205771
0.5344785692944994
-0.888020173900592
0.6327400671891265
2.209011922026868
1.909018021739221
0.7721241651173263
-1.001073914177173
0.757043991195736
1.631116417120268
0.9309024195075251
-0.1239126254307181
-1.034535033436375
-0.2373255909399505
0.03661853467283947
-0.5190937206335636
-0.6647227219402093
-1.590667943453198
-0.6796016316378708
-0.94506420322707
-0.7094367242390729
-0.2683759893952011
-0.347042841116186
-0.4685083500726208
-0.7107802793506167
-0.2180468077246038
-0.8056034629153584
-0.8537401036775932
-0.7049881553799542
-0.4699553796446651
-0.5113875211750516
-0.8179683453788205
-0.6731303802591556
-0.821889281045919
-0.8636527714927794
-0.5510458543257176
-0.7392359320718126
-0.854109902841486
-0.4543441762739941
-0.9270924200610646
-0.4895798631405361
-0.5710636950933459
-0.2959787162837958
-0.4348485106975803
-0.8478954914334437
-0.8737756201538327
-0.9202305998814622
-0.7706011865563331
-1.30804890958735
-0.8635432121522135
0.2070787355440455
1.621760082764019
1.792174859886753
-0.1927481306370277
0.7871426538848912
1.6720896777846
2.079232136192086
1.99687298115745
0.1972781271335746
1.136747349299086
1.120005657464361
1.101246624755916
0.1830356373827672
-0.5695307574231206
-0.6474175620324771
-1.222006998372443
-0.9446186550908433
-0.9193120104928983
-1.385882112427413
-1.220927387540321
-1.580630427115708
-1.149928011136774
-0.533138553189198
0.6574300487674329
-0.2767532904071334
-0.7312443626456844
-0.9547845349577329
-0.7659421457142971
0.2133777298578485
-1.038443733658526
-1.35985981890303
-1.39329149801128
-0.5237658358538581
-0.259742249568552
-1.115963070664998
-1.068760911210613
-0.6009242482284594
0.5760275962383994
-1.153593568159204
-1.179693771626336
-0.8908213249742389
0.1279528463440544
1.057197780192585
-1.828853037064869
-1.212418928818972
-0.358982238501952
0.6679971371721191
1.796653573545779
1.104232685869076
0.8537353304278356
0.7866728121771381
1.244984584973009
0.8537005587138033
0.2532639466716726
-0.1812325822255829
0.3051378969007887
0.5557492567837583
1.200048012488967
-0.9778163159201806
-1.309108975871797
-1.101854217146595
-0.375674069630161
0.02608903869930036
-1.044465255618246
-1.398749049776329
-1.914572076382819
-1.715145489234222
-1.745199034452207
-0.3036680922636353
-0.6267094512886681
-0.6733227836466551
-0.7944305946499469
-0.3702392283241556
-1.048861677834223
0.3838013995988592
0.04529792683549627
0.3157222758765865
-0.7778399259310241
0.5203316947491968
1.267879717975716
1.150082214481219
0.4956213284007154
-0.2167371160059322
0.8116578936803295
1.436719455219072
0.8728412760640105
0.199944037956903
-0.4354866142468196
0.3619659088615169
0.4520513163179595
-0.4755453609251563
-0.6867987880910693
-0.7002905768821289
-0.6009666667713121
-0.6357468332614308
-0.6252629874287434
-0.4622277963044283
-0.544687881088226
-0.1072697937936993
1.099301024582603
1.617818939577648
0.9329746619550588
-0.2956108288890225
0.7203931582744934
1.233892683341061
1.271992065246781
0.4852481312251136
-0.3692679769504029
0.5199910431893972
0.8514853952983921
0.1339725355137979
-0.339387912441835
-1.133675876556262
-0.09624489313034605
-0.5039429818752379
-1.102684886784304
-1.567806473416343
-1.570670435847595
-0.8871339841492751
-1.178226707244295
-0.388982048716331
-0.546449175860596
-0.09940094161960576
1.256230714927285
0.3621087811835406
-0.7947843329700202
-1.093393749054519
-0.9535966779532945
1.463250826494013
-0.260469407267977
-1.187129252084059
-1.386510915903786
-0.08410433132105699
1.026092893177172
-0.7167733522392462
-1.454017064164404
-1.004924328184917
0.8246023428933551
0.6389630125459305
-1.245244640754481
-1.676556408964735
-0.3492970103169651
1.266249190339439
0.07673242125665024
-1.219378331615457
-0.8093621030696039
0.7651219350204669
1.38859124729204
-0.6297208144902149
-0.4482832331358153
-0.5201929076273272
-0.3464474271384127
-0.2159166425438471
-1.1256318724512
-0.6135633552082074
-0.8473710237013801
-0.561434096084343
-0.9754929559410573
-0.8762363225542631
-0.7383886433915172
-0.8895388727788547
-0.4805997308861908
-0.7239657093831194
-0.7554039901267109
-1.001019103177203
-1.081578073979154
-0.8506192216014682
-1.488973913551308
0.327045055044865
-0.2769186219713578
-0.7568972583562044
-1.05552357207371
-1.361060719226166
1.508281550880362
1.480756721517757
1.233523387242605
1.226542607238531
1.583422265296212
0.7206571205547252
-0.1299387681244505
-0.2948374078765798
-0.6540437248101877
0.03773405269102351
-1.077795290235683
-1.46287461501225
-1.171515629130602
-1.625718281965712
-1.584729817482211
-1.594008094022085
-1.606613695824701
-1.87189287977482
-1.568206549477341
-0.9931780010221521
-0.2370898876052246
-0.497829974711806
0.6685129534365328
0.8112190748989215
0.977582266522765
0.9239393575626553
0.5047513781275381
0.8715828082981441
1.215550448755563
0.8076194223138656
-0.08238703042865481
0.2737949203844654
0.7251357261484725
0.5241745570059068
0.483898560718367
-0.838679082160997
-0.74559512522139
-0.2263190699497098
-0.8698480953415649
-0.3299857936584644
-1.393517286695432
-1.521759209097239
-1.804622849683708
-1.877260802785264
-1.589457401898141
-0.7149531061504609
-0.9350338366059642
-0.7567298275364103
-0.4954217178924939
-0.1638910156959059
-0.1776787421974695
-0.3451067808906931
-0.2154215792961182
-0.009700491908772414
-0.1142910189934646
0.5704073923798305
0.7655418357790809
0.6612457481997706
1.081936116392431
0.9852069386680978
-0.1038338015858575
-0.3181199318488027
0.1032195414296942
0.7378700839456588
0.7917158507887001
-0.525522246472274
-1.193341581502416
-0.9952858175737361
-1.128229768228394
-1.184659263744776
-1.04138760304511
-1.342395694402726
-1.149120260800847
-1.197375562735851
-1.40439019505901
0.08478753221004325
-0.2829404735864754
-0.1992138588851099
-0.6656160698873497
-0.2593795351645378
-0.2470388287395665
-0.9262738604972096
-0.5383730348783473
-0.7227777873219619
-0.4629646777879268
-0.633997262141473
-0.7573766753636187
-0.7109703035894144
-0.3962918238558861
-0.7537590116985361
0.049369766217074
-0.5904380282603413
-0.5103782704513093
-0.4733527139824851
-0.3269478506312189
0.0679653646017941
0.2949295137211743
-0.1921994438503524
-0.3230925743100687
-0.3950205432830507
