0.00157615021691995
-0.1340779515658058
-0.3551708595106917
0.1492323634748349
0.1806839049575509
0.4142060464350644
0.2121390255571557
0.2455247919158574
0.5146381198433695
-0.02407163836001385
-0.4029712321443658
-0.5091984435782506
0.1108416938846352
-0.2550707304824906
-0.4049259333596084
-0.03192667255052418
-0.2539120281828032
-0.8205202881032349
-0.2171419963635584
-0.6514425439077844
0.2783535423467564
0.167716812117272
-0.1784519578897642
-0.199991984500512
0.01974187803598195
0.1316310087639749
-0.1401840518226721
-0.6107826468574939
-0.1395789814637188
0.1514154225667536
-0.3008245931425892
-0.2934715873794052
-0.5014651536962015
-0.03292485935498009
-0.3352961842607607
-0.3128291126513872
-0.2067021269423201
-0.4107804617458242
-0.1429130761928706
0.02563519297900239
-0.2751098863505659
-0.2595108505243107
0.2959080561712375
-0.06244827650657933
-0.07421143788714324
-0.2277706376005144
0.1218697611005457
-0.1880557018358928
-0.007076203142608812
-0.4334833859876233
-0.3292238708715376
-0.0797526677998775
-0.08636976445399344
0.1890824808038742
-0.02977147154176834
-0.7902002189786805
-0.2818435970435308
0.1515512177335593
-0.4040111572226633
-0.6805461939639174
-0.5225448260099516
-0.2740365680857185
-0.1533518516108953
-0.2902926392210168
-0.01195822854209064
-0.269844452280514
-0.3675517788252628
-0.05769462872138088
0.2498792876656579
-0.4370113358024463
-0.5955131845939792
-0.2898863446744448
-0.1461610616848772
-0.1917398940312556
-0.4139061625546541
-0.1003208097825966
-0.2252520199738719
-0.1767786302272186
-0.279394871985036
-0.5509777686029238
